221077560497343,ACC,0.038308,-0.114925,9.847652
221077562469343,ACC,0.062251,-0.043097,9.878778
221077564455843,ACC,0.062251,-0.035914,9.859624
221077566446843,ACC,0.062251,-0.047885,9.835681
221077568440093,ACC,0.038308,-0.086194,9.785401
221077570434693,ACC,0.021548,-0.114925,9.790190
221077572430193,ACC,0.026337,-0.107742,9.797373
221077574426193,ACC,0.055068,-0.088588,9.845258
221077576422693,ACC,0.069434,-0.074223,9.857229
221077578419581,ACC,0.071828,-0.079011,9.852441
221077580416781,ACC,0.052674,-0.074223,9.850046
221077582414235,ACC,0.033520,-0.069434,9.797373
221077584411901,ACC,0.031126,-0.074223,9.799767
221077586409747,ACC,0.026337,-0.083800,9.811738
221077588407747,ACC,0.052674,-0.090982,9.818921
221077590405813,ACC,0.062251,-0.079011,9.830893
221077592404000,ACC,0.057463,-0.074223,9.835681
221077594402294,ACC,0.055068,-0.076617,9.833286
221077596400682,ACC,0.047885,-0.069434,9.821315
221077598399155,ACC,0.035914,-0.064645,9.830893
221077600397705,ACC,0.043097,-0.074223,9.826104
221077602396324,ACC,0.043097,-0.071828,9.821315
221077604395005,ACC,0.043097,-0.062251,9.840469
221077606393700,ACC,0.038308,-0.067040,9.838076
221077608392450,ACC,0.045491,-0.071828,9.838076
221077610391250,ACC,0.062251,-0.081405,9.835681
221077612390096,ACC,0.045491,-0.083800,9.826104
221077614388984,ACC,0.069434,-0.081405,9.828498
221077616387912,ACC,0.067040,-0.074223,9.835681
221077618386877,ACC,0.052674,-0.074223,9.830893
221077620385877,ACC,0.055068,-0.081405,9.840469
221077622385810,ACC,0.055068,-0.088588,9.842864
221077624385710,ACC,0.040703,-0.086194,9.826104
221077626385610,ACC,0.055068,-0.076617,9.835681
221077628385510,ACC,0.045491,-0.081405,9.833286
221077630385410,ACC,0.047885,-0.083800,9.830893
221077632385310,ACC,0.047885,-0.071828,9.828498
221077634385243,ACC,0.064645,-0.074223,9.830893
221077636385109,ACC,0.052674,-0.076617,9.845258
221077638384975,ACC,0.040703,-0.074223,9.842864
221077640384841,ACC,0.052674,-0.071828,9.840469
221077642384707,ACC,0.045491,-0.074223,9.847652
221077644384573,ACC,0.043097,-0.079011,9.838076
221077646384439,ACC,0.043097,-0.086194,9.835681
221077648384305,ACC,0.055068,-0.088588,9.826104
221077650384205,ACC,0.062251,-0.081405,9.830893
221077652384038,ACC,0.052674,-0.083800,9.830893
221077654383871,ACC,0.055068,-0.076617,9.814133
221077656383704,ACC,0.059857,-0.074223,9.818921
221077658383537,ACC,0.062251,-0.079011,9.821315
221077660383370,ACC,0.035914,-0.076617,9.811738
221077662383203,ACC,0.040703,-0.076617,9.830893
221077664383036,ACC,0.043097,-0.083800,9.823709
221077666382902,ACC,0.038308,-0.079011,9.835681
221077668382702,ACC,0.050280,-0.088588,9.838076
221077670382502,ACC,0.045491,-0.086194,9.847652
221077672382302,ACC,0.052674,-0.079011,9.847652
221077674382102,ACC,0.043097,-0.071828,9.845258
221077676381902,ACC,0.031126,-0.071828,9.833286
221077678381668,ACC,0.040703,-0.067040,9.842864
221077680381468,ACC,0.040703,-0.076617,9.842864
221077682381268,ACC,0.038308,-0.093377,9.828498
221077684381034,ACC,0.055068,-0.093377,9.828498
221077686380800,ACC,0.055068,-0.093377,9.828498
221077688380566,ACC,0.050280,-0.083800,9.823709
221077690380332,ACC,0.045491,-0.081405,9.828498
221077692380098,ACC,0.047885,-0.074223,9.830893
221077694379864,ACC,0.062251,-0.059857,9.835681
221077696379697,ACC,0.067040,-0.064645,9.830893
221077698379530,ACC,0.050280,-0.074223,9.830893
221077700379363,ACC,0.050280,-0.088588,9.845258
221077702379196,ACC,0.055068,-0.088588,9.854836
221077704379029,ACC,0.045491,-0.083800,9.838076
221077706378862,ACC,0.043097,-0.093377,9.833286
221077708378695,ACC,0.038308,-0.086194,9.838076
221077710378528,ACC,0.040703,-0.067040,9.826104
221077712378428,ACC,0.047885,-0.076617,9.830893
221077714378328,ACC,0.033520,-0.076617,9.835681
221077716378228,ACC,0.028731,-0.076617,9.835681
221077718378128,ACC,0.050280,-0.067040,9.835681
221077720378028,ACC,0.038308,-0.071828,9.840469
221077722377928,ACC,0.028731,-0.071828,9.838076
221077724377828,ACC,0.040703,-0.071828,9.821315
221077723922877,MAG,22.859999,15.360000,-39.419998
221077726377728,ACC,0.055068,-0.071828,9.821315
221077728377694,ACC,0.050280,-0.069434,9.811738
221077730377594,ACC,0.050280,-0.069434,9.818921
221077732377494,ACC,0.043097,-0.074223,9.830893
221077734377394,ACC,0.043097,-0.071828,9.835681
221077733920877,MAG,23.100000,15.960000,-39.119999
221077736377294,ACC,0.050280,-0.081405,9.833286
221077738377227,ACC,0.062251,-0.093377,9.830893
221077740377127,ACC,0.059857,-0.086194,9.833286
221077742377027,ACC,0.062251,-0.098165,9.862018
221077744376960,ACC,0.062251,-0.088588,9.840469
221077743919877,MAG,22.740000,15.900000,-39.119999
221077746376826,ACC,0.059857,-0.083800,9.838076
221077748376692,ACC,0.067040,-0.088588,9.838076
221077750376558,ACC,0.045491,-0.079011,9.842864
221077752376424,ACC,0.043097,-0.079011,9.842864
221077754376290,ACC,0.050280,-0.074223,9.842864
221077753918543,MAG,22.859999,16.080000,-38.579998
221077756376156,ACC,0.059857,-0.079011,9.816526
221077758376022,ACC,0.052674,-0.067040,9.818921
221077760375888,ACC,0.057463,-0.095771,9.828498
221077762375688,ACC,0.052674,-0.086194,9.821315
221077764375488,ACC,0.062251,-0.081405,9.828498
221077763917043,MAG,23.100000,16.260000,-38.879997
221077766375288,ACC,0.064645,-0.081405,9.828498
221077768375088,ACC,0.064645,-0.067040,9.821315
221077770374888,ACC,0.059857,-0.064645,9.823709
221077772374688,ACC,0.069434,-0.067040,9.864412
221077774374488,ACC,0.086194,-0.079011,9.933846
221077773915843,MAG,23.160000,15.599999,-39.360001
221077776374288,ACC,0.102954,-0.074223,9.964972
221077778374021,ACC,0.122108,-0.062251,9.921875
221077780373754,ACC,0.095771,-0.059857,9.718362
221077782373654,ACC,0.043097,-0.055068,9.610620
221077784373387,ACC,0.011971,-0.014366,9.605830
221077783914509,MAG,23.580000,15.660000,-39.779999
221077786373120,ACC,0.011971,-0.028731,9.639350
221077788372853,ACC,0.007183,-0.088588,9.806950
221077790372653,ACC,0.002394,-0.105348,9.888355
221077792372453,ACC,-0.069434,-0.181965,9.857229
221077794372186,ACC,-0.124502,-0.193936,9.919480
221077793913080,MAG,23.400000,16.080000,-39.779999
221077796371919,ACC,-0.074223,-0.160416,9.945818
221077798371652,ACC,0.105348,-0.064645,9.924269
221077800371385,ACC,0.220273,-0.007183,9.878778
221077802371118,ACC,0.222668,-0.002394,9.857229
221077804370851,ACC,0.134079,-0.007183,9.794978
221077803911830,MAG,23.279999,15.480000,-39.419998
221077806370651,ACC,0.052674,-0.055068,9.780613
221077808370384,ACC,0.033520,-0.083800,9.790190
221077810370117,ACC,0.019154,-0.146051,9.835681
221077812369850,ACC,0.009577,-0.150839,9.878778
221077814369583,ACC,0.009577,-0.102954,9.893144
221077813910496,MAG,22.799999,15.599999,-39.660000
221077816369316,ACC,0.016760,-0.088588,9.878778
221077818369049,ACC,0.055068,-0.069434,9.845258
221077820368782,ACC,0.067040,-0.067040,9.823709
221077822368582,ACC,0.071828,-0.069434,9.792584
221077824368315,ACC,0.007183,-0.079011,9.790190
221077823909096,MAG,22.439999,15.540000,-39.480000
221077826368048,ACC,0.007183,-0.081405,9.818921
221077828367781,ACC,0.059857,-0.098165,9.845258
221077830367514,ACC,0.069434,-0.095771,9.888355
221077832367247,ACC,0.081405,-0.098165,9.885961
221077834366980,ACC,0.045491,-0.083800,9.840469
221077833907823,MAG,22.680000,15.179999,-39.660000
221077836366713,ACC,0.031126,-0.083800,9.859624
221077838366513,ACC,0.028731,-0.079011,9.869201
221077840366246,ACC,0.050280,-0.071828,9.857229
221077842365812,ACC,0.071828,-0.107742,9.809344
221077844365545,ACC,-0.002394,-0.129291,9.821315
221077843906489,MAG,22.740000,15.420000,-40.200001
221077846365278,ACC,0.016760,-0.107742,9.778218
221077848365011,ACC,0.071828,-0.040703,9.725544
221077850364744,ACC,0.055068,-0.035914,9.766247
221077852364477,ACC,0.035914,-0.057463,9.768641
221077854364277,ACC,0.052674,-0.098165,9.794978
221077853905258,MAG,23.279999,15.540000,-39.779999
221077856364010,ACC,0.184359,-0.105348,9.871595
221077858363743,ACC,0.272947,-0.105348,9.986520
221077860363476,ACC,0.605752,-0.153234,10.261862
221077862363209,ACC,1.328822,-0.414210,10.328901
221077864362942,ACC,2.245830,-0.756591,10.063137
221077863903972,MAG,23.459999,15.540000,-39.959999
221077866362675,ACC,2.590605,-0.878699,9.895537
221077868362475,ACC,2.712713,-1.075029,9.699207
221077870362275,ACC,2.097385,-1.405439,9.510059
221077872362008,ACC,0.433364,-2.121327,9.586677
221077874361741,ACC,-0.418998,-2.279350,9.888355
221077873902638,MAG,23.219999,15.299999,-39.840000
221077876361474,ACC,-0.689551,-2.372726,9.756670
221077878361207,ACC,-1.130098,-2.530748,9.395134
221077880360940,ACC,-1.769369,-2.628914,9.402317
221077882360673,ACC,-2.348783,-2.640885,9.526819
221077884360473,ACC,-4.024776,-2.561874,10.130177
221077883901388,MAG,23.100000,15.480000,-39.660000
221077886360373,ACC,-4.271386,-2.533143,10.103840
221077888360106,ACC,-4.348003,-2.499623,10.048771
221077890359839,ACC,-4.228289,-2.425400,10.111023
221077892359572,ACC,-3.847600,-2.296109,10.194822
221077894359305,ACC,-3.347196,-2.260195,9.816526
221077893900093,MAG,22.920000,15.240000,-39.959999
221077896359038,ACC,-2.992844,-2.308081,9.562734
221077898358771,ACC,-1.920208,-2.188367,9.656111
221077900358571,ACC,-0.739831,-1.903448,9.955395
221077902358304,ACC,-0.162811,-1.709512,10.053560
221077904358037,ACC,0.861939,-1.225869,10.111023
221077903898759,MAG,23.219999,15.059999,-39.719997
221077906357770,ACC,1.771763,-0.749408,10.087080
221077908357503,ACC,2.150059,-0.476461,10.048771
221077910357236,ACC,2.762993,0.081405,10.060742
221077912356969,ACC,2.942564,0.641666,9.905115
221077914356702,ACC,2.904255,1.132492,9.694419
221077913897495,MAG,23.639999,15.240000,-40.079998
221077916356502,ACC,2.806090,1.338400,9.682447
221077918356235,ACC,2.590605,1.733455,10.022434
221077920355968,ACC,2.506806,1.944151,10.283410
221077922355701,ACC,2.260195,2.178790,10.719169
221077924355434,ACC,1.790918,2.355966,10.623397
221077923896195,MAG,24.240000,14.700000,-39.899998
221077926355167,ACC,1.534730,2.375121,10.577906
221077928354900,ACC,1.029538,2.245830,10.513261
221077930354633,ACC,0.591386,2.066259,10.611426
221077932354433,ACC,0.411815,1.896266,10.671283
221077934354166,ACC,0.074223,1.300091,10.908316
221077933894861,MAG,24.539999,14.700000,-39.660000
221077936353899,ACC,-0.026337,1.130098,10.937047
221077938353632,ACC,-0.107742,0.943344,10.953807
221077940353365,ACC,-0.098165,0.493221,11.095070
221077942353098,ACC,-0.067040,0.038308,11.114223
221077944352831,ACC,-0.050280,-0.246610,11.028029
221077943893588,MAG,24.660000,14.820000,-39.599998
221077946352464,ACC,0.002394,-0.378295,11.006481
221077948352264,ACC,0.181965,-0.665608,10.999298
221077950351997,ACC,0.442941,-0.766168,10.831699
221077952351730,ACC,0.612934,-0.799688,10.733534
221077954351463,ACC,1.029538,-0.682368,10.405519
221077953892283,MAG,24.359999,14.400000,-38.939999
221077956351196,ACC,1.520365,-0.507586,9.900327
221077958350929,ACC,1.802889,-0.325621,9.634562
221077960350662,ACC,2.399063,-0.038308,9.225141
221077962350462,ACC,2.940170,0.241822,8.820508
221077964350262,ACC,3.385504,0.526740,8.415876
221077963891033,MAG,24.359999,14.580000,-39.119999
221077966349995,ACC,3.629721,0.656031,8.346442
221077968349728,ACC,4.051113,0.888276,8.363202
221077970349461,ACC,4.235472,0.974470,8.396722
221077972349194,ACC,4.568276,1.096578,8.475733
221077974348927,ACC,4.929812,1.216292,8.609812
221077973889753,MAG,24.299999,14.639999,-39.299999
221077976348693,ACC,5.128537,1.302485,8.739103
221077978348493,ACC,5.537958,1.546702,8.995291
221077980348226,ACC,5.899493,1.843592,9.167678
221077982347959,ACC,6.009630,1.965700,9.299363
221077984347692,ACC,6.419051,2.339206,9.586677
221077983888445,MAG,24.240000,14.400000,-39.299999
221077986347425,ACC,6.589044,2.473286,9.713573
221077988347158,ACC,6.782980,2.566663,9.840469
221077990346891,ACC,7.055928,2.619337,10.091868
221077992346624,ACC,7.149304,2.561874,10.331296
221077994346424,ACC,7.094236,2.427795,10.664100
221077993887185,MAG,24.600000,14.820000,-39.719997
221077996346157,ACC,6.998465,2.370332,10.841276
221077998345890,ACC,6.668056,2.272167,11.277035
221078000345623,ACC,6.215538,2.205127,11.705609
221078002345356,ACC,5.959350,2.097385,11.892363
221078004345089,ACC,5.367964,2.015979,12.191648
221078003885899,MAG,24.660000,15.240000,-39.419998
221078006344822,ACC,4.740664,2.023162,12.361641
221078008344555,ACC,4.470111,2.025557,12.311361
221078010344355,ACC,4.012805,2.102173,12.117425
221078012344088,ACC,3.624932,2.233858,11.810958
221078014343821,ACC,3.294522,2.420612,11.538011
221078013884588,MAG,24.539999,15.719999,-39.000000
221078016343554,ACC,3.143683,2.499623,11.403931
221078018343287,ACC,2.839610,2.628914,11.274640
221078020343020,ACC,2.573845,2.683982,11.336891
221078022342753,ACC,2.444555,2.698348,11.456605
221078024342486,ACC,2.214704,2.679193,11.693638
221078023883321,MAG,24.840000,16.260000,-39.000000
221078026342286,ACC,2.090202,2.657645,11.858843
221078028342019,ACC,1.905843,2.631308,12.229956
221078030341752,ACC,1.829226,2.547508,12.500508
221078032341485,ACC,1.790918,2.490046,12.615434
221078034341218,ACC,1.690358,2.276955,13.079924
221078033882054,MAG,24.779999,16.740000,-38.879997
221078036340918,ACC,1.656838,2.200339,13.175694
221078038340651,ACC,1.632895,2.152453,13.278648
221078040340451,ACC,1.582616,2.085413,13.343293
221078042340251,ACC,1.479662,2.092596,13.463007
221078044339984,ACC,1.386285,2.118933,13.539624
221078043880720,MAG,24.480000,16.859999,-38.639999
221078046339717,ACC,1.367131,2.142876,13.558778
221078048339450,ACC,1.357554,2.166819,13.522864
221078050339183,ACC,1.328822,2.174001,13.520470
221078052338916,ACC,1.242629,2.181184,13.558778
221078054338649,ACC,1.127703,2.154847,13.546807
221078053879453,MAG,24.600000,17.580000,-38.520000
221078056338449,ACC,1.039115,2.135693,13.522864
221078058338182,ACC,1.007990,2.092596,13.539624
221078060337915,ACC,0.974470,1.975277,13.338505
221078062337648,ACC,0.940950,1.850774,13.182878
221078064337381,ACC,0.905036,1.697541,13.082317
221078063878186,MAG,24.240000,17.820000,-37.980000
221078066337114,ACC,0.861939,1.630501,13.142175
221078068336847,ACC,0.861939,1.412622,12.893169
221078070336580,ACC,0.869122,1.283331,12.766273
221078072336380,ACC,0.869122,1.022355,12.601068
221078074336113,ACC,0.869122,0.761379,12.296995
221078073876852,MAG,24.840000,18.180000,-37.380001
221078076335846,ACC,0.876305,0.644060,12.251504
221078078335579,ACC,0.926584,0.330410,11.899546
221078080335312,ACC,0.828419,0.131685,11.787015
221078082335045,ACC,0.780534,0.069434,11.825323
221078084334778,ACC,0.751802,-0.040703,11.573924
221078083875585,MAG,25.260000,18.959999,-37.139999
221078086334511,ACC,0.730254,-0.112531,11.526039
221078088334311,ACC,0.727860,-0.122108,11.480548
221078090334044,ACC,0.773351,-0.153234,11.248303
221078092333777,ACC,0.749408,-0.203513,10.987327
221078094333577,ACC,0.675186,-0.189148,10.822123
221078093874385,MAG,25.439999,18.900000,-36.959999
221078096333310,ACC,0.663214,-0.191542,10.733534
221078098333043,ACC,0.505192,-0.158022,10.776631
221078100332776,ACC,0.428575,-0.143656,10.817333
221078102332509,ACC,0.234639,-0.102954,10.980145
221078104332309,ACC,0.119714,-0.052674,10.989721
221078103873118,MAG,25.799999,19.320000,-36.779999
221078106332042,ACC,0.083800,-0.031126,10.956202
221078108331775,ACC,-0.050280,0.055068,10.886767
221078110331508,ACC,-0.169994,0.165205,10.850853
221078112331241,ACC,-0.277736,0.227456,10.841276
221078114330974,ACC,-0.328016,0.306467,10.692831
221078113871851,MAG,25.559999,19.139999,-36.959999
221078116330707,ACC,-0.366324,0.296890,10.644946
221078118330507,ACC,-0.474066,0.239427,10.587483
221078120330307,ACC,-0.591386,0.148445,10.551569
221078122330040,ACC,-0.679974,0.119714,10.637763
221078124329806,ACC,-0.792505,0.107742,10.834093
221078123870617,MAG,25.619999,18.779999,-37.139999
221078126329572,ACC,-0.811659,0.112531,10.956202
221078128329338,ACC,-0.806871,0.131685,11.178869
221078130329104,ACC,-0.802082,0.172388,11.370411
221078132328870,ACC,-0.787716,0.203513,11.425479
221078134328703,ACC,-0.713494,0.268159,11.514068
221078133869383,MAG,25.740000,18.059999,-37.320000
221078136328536,ACC,-0.593780,0.366324,11.607444
221078138328302,ACC,-0.553077,0.426181,11.621810
221078140328068,ACC,-0.426181,0.519558,11.557164
221078142327834,ACC,-0.265765,0.588992,11.336891
221078144327600,ACC,-0.203513,0.629694,11.152532
221078143868149,MAG,25.619999,17.219999,-37.860001
221078146327366,ACC,-0.179571,0.612934,11.042396
221078148327132,ACC,-0.134079,0.514769,10.755082
221078150326965,ACC,-0.131685,0.440547,10.604243
221078152326731,ACC,-0.198725,0.258582,10.288198
221078154326431,ACC,-0.277736,0.031126,9.900327
221078153866849,MAG,25.379999,16.020000,-38.399998
221078156326197,ACC,-0.347170,-0.069434,9.713573
221078158325963,ACC,-0.507586,-0.215485,9.366403
221078160325729,ACC,-0.660820,-0.282524,8.961771
221078162325495,ACC,-0.785322,-0.299284,8.724737
221078164325261,ACC,-0.861939,-0.287313,8.178843
221078163865615,MAG,25.320000,14.940000,-39.239998
221078166325227,ACC,-0.881093,-0.277736,7.996878
221078168324993,ACC,-0.871516,-0.251399,7.642525
221078170324759,ACC,-0.902642,-0.205908,7.594640
221078172324525,ACC,-1.015172,-0.090982,7.690411
221078174324291,ACC,-1.024750,0.007183,7.597034
221078173864381,MAG,25.320000,13.740000,-39.480000
221078176324057,ACC,-0.998413,0.045491,7.520417
221078178323823,ACC,-0.933767,0.126897,7.352818
221078180323589,ACC,-0.928979,0.165205,7.163670
221078182323422,ACC,-0.905036,0.169994,7.015225
221078184323155,ACC,-0.840390,0.205908,6.821289
221078183863081,MAG,25.559999,12.660000,-39.779999
221078186322888,ACC,-0.826025,0.234639,6.790164
221078188322621,ACC,-0.852362,0.244216,6.794952
221078190322354,ACC,-0.876305,0.184359,6.715941
221078192322087,ACC,-0.948133,0.105348,6.636930
221078194321820,ACC,-1.137281,-0.014366,6.668056
221078193861847,MAG,25.920000,12.000000,-39.660000
221078196321553,ACC,-1.268966,-0.095771,6.720729
221078198321353,ACC,-1.611347,-0.270553,6.747066
221078200321086,ACC,-2.061471,-0.462095,6.677632
221078202320819,ACC,-2.291321,-0.557866,6.620170
221078204320552,ACC,-2.755810,-0.742225,6.598621
221078203860613,MAG,25.980000,11.040000,-39.779999
221078206320285,ACC,-2.980872,-0.821236,6.596227
221078208320018,ACC,-3.459727,-0.962498,6.756643
221078210319751,ACC,-3.998439,-1.019961,7.185219
221078212319551,ACC,-4.233078,-1.024750,7.376760
221078214319351,ACC,-4.759819,-0.955316,8.169266
221078213859379,MAG,25.500000,10.679999,-40.020000
221078216319084,ACC,-4.889109,-0.912219,8.382356
221078218318817,ACC,-5.047131,-0.890670,8.597841
221078220318550,ACC,-5.102200,-0.840390,8.727132
221078222318283,ACC,-5.176422,-0.749408,9.079090
221078224318016,ACC,-5.047131,-0.713494,9.232324
221078223858145,MAG,25.260000,10.139999,-40.259998
221078226317616,ACC,-4.975303,-0.691945,9.239507
221078228317416,ACC,-4.867561,-0.615329,9.457385
221078230317149,ACC,-4.707144,-0.550683,9.610620
221078232316882,ACC,-4.594614,-0.545895,9.648928
221078234316615,ACC,-4.410254,-0.500403,9.624985
221078233856911,MAG,25.500000,9.719999,-40.680000
221078236316348,ACC,-4.209135,-0.459701,9.706390
221078238316081,ACC,-4.108575,-0.459701,9.751882
221078240315814,ACC,-3.907456,-0.488432,9.761458
221078242315547,ACC,-3.723097,-0.502798,9.751882
221078244315347,ACC,-3.519584,-0.553077,9.749487
221078243855677,MAG,24.719999,9.599999,-40.739998
221078246315080,ACC,-3.402265,-0.572232,9.742304
221078248314813,ACC,-3.177203,-0.562655,9.761458
221078250314546,ACC,-3.050306,-0.548289,9.797373
221078252314279,ACC,-2.801301,-0.533923,9.883567
221078254314012,ACC,-2.533143,-0.502798,10.034406
221078253854443,MAG,24.900000,8.880000,-40.739998
221078256313745,ACC,-2.391881,-0.483644,10.094262
221078258313478,ACC,-2.066259,-0.490826,10.149331
221078260313278,ACC,-1.716695,-0.481249,10.187639
221078262313011,ACC,-1.549096,-0.502798,10.213976
221078264312744,ACC,-1.113338,-0.562655,10.173274
221078263853143,MAG,24.719999,8.580000,-40.860001
221078266312477,ACC,-1.005595,-0.569837,10.163696
221078268312210,ACC,-0.905036,-0.567443,10.132571
221078270311943,ACC,-0.732648,-0.531529,9.986520
221078272311676,ACC,-0.605752,-0.481249,9.926663
221078274311409,ACC,-0.493221,-0.380690,9.811738
221078273851909,MAG,23.939999,8.099999,-41.459999
221078276311209,ACC,-0.430969,-0.335198,9.732727
221078278310942,ACC,-0.316044,-0.258582,9.565128
221078280310675,ACC,-0.184359,-0.208302,9.440625
221078282310408,ACC,-0.119714,-0.201119,9.383162
221078284310141,ACC,-0.007183,-0.225062,9.222747
221078283850675,MAG,24.359999,7.320000,-41.279999
221078286309874,ACC,0.102954,-0.277736,8.968953
221078288309607,ACC,0.155628,-0.316044,8.794171
221078290309407,ACC,0.217879,-0.430969,8.456578
221078292309207,ACC,0.256187,-0.519558,8.186026
221078294308940,ACC,0.249005,-0.605752,8.073495
221078293849375,MAG,24.299999,7.020000,-41.459999
221078296308673,ACC,0.249005,-0.624906,8.044764
221078298308406,ACC,0.260976,-0.615329,8.066312
221078300308139,ACC,0.308861,-0.596174,8.171659
221078302307872,ACC,0.335198,-0.555472,8.272220
221078304307605,ACC,0.380690,-0.433364,8.516436
221078303848141,MAG,24.600000,6.780000,-41.820000
221078306307405,ACC,0.409421,-0.366324,8.631361
221078308307138,ACC,0.440547,-0.184359,8.820508
221078310306871,ACC,0.402238,0.026337,9.184438
221078312306604,ACC,0.371113,0.105348,9.296969
221078314306337,ACC,0.203513,0.330410,9.579494
221078313846907,MAG,24.480000,6.120000,-41.579998
221078316306070,ACC,0.141262,0.390267,9.648928
221078318305803,ACC,0.071828,0.447729,9.708784
221078320305536,ACC,-0.062251,0.509981,9.854836
221078322305336,ACC,-0.193936,0.526740,9.945818
221078324305069,ACC,-0.318439,0.543500,9.993703
221078323845607,MAG,24.480000,6.300000,-41.939999
221078326304802,ACC,-0.392661,0.543500,10.113417
221078328304535,ACC,-0.481249,0.481249,10.175668
221078330304268,ACC,-0.577020,0.430969,10.175668
221078332304001,ACC,-0.622511,0.342381,10.149331
221078334303734,ACC,-0.756591,0.249005,10.065532
221078333844373,MAG,24.180000,6.240000,-42.000000
221078336303467,ACC,-0.955316,0.124502,9.864412
221078338303233,ACC,-1.108549,0.069434,9.622590
221078340302966,ACC,-1.529942,0.014366,8.913885
221078342302699,ACC,-1.982460,-0.016760,8.078283
221078344302432,ACC,-2.253013,0.000000,7.309721
221078343843139,MAG,24.000000,6.360000,-41.700001
221078346302165,ACC,-2.288927,0.000000,6.957763
221078348301898,ACC,-2.231464,0.014366,6.402291
221078350301631,ACC,-2.142876,0.026337,6.158075
221078352301364,ACC,-1.977671,0.064645,5.961744
221078354301164,ACC,-1.817255,0.004789,6.292154
221078353841905,MAG,24.480000,6.120000,-41.340000
221078356300897,ACC,-1.702329,-0.043097,6.268211
221078358300630,ACC,-1.482056,-0.055068,6.179623
221078360300363,ACC,-1.295303,-0.079011,6.287365
221078362300063,ACC,-1.230657,-0.100560,6.311308
221078364299796,ACC,-1.077424,-0.112531,6.337646
221078363840671,MAG,24.420000,5.940000,-41.639999
221078366299529,ACC,-1.012778,-0.126897,6.392714
221078368299329,ACC,-0.952921,-0.141262,6.469330
221078370299129,ACC,-0.861939,-0.203513,6.622564
221078372298862,ACC,-0.802082,-0.265765,6.802135
221078374298595,ACC,-0.799688,-0.294496,7.005648
221078373839437,MAG,24.660000,5.940000,-41.579998
221078376298328,ACC,-0.823631,-0.294496,7.118179
221078378298061,ACC,-0.883487,-0.282524,7.395915
221078380297794,ACC,-0.969681,-0.241822,7.726325
221078382297527,ACC,-1.022355,-0.217879,7.896318
221078384297327,ACC,-1.134886,-0.138868,8.186026
221078383838203,MAG,24.840000,6.000000,-41.520000
221078386297127,ACC,-1.237840,-0.071828,8.473338
221078388296860,ACC,-1.285726,-0.033520,8.624178
221078390296593,ACC,-1.333611,0.016760,8.935433
221078392296326,ACC,-1.333611,0.057463,9.275420
221078394296059,ACC,-1.288120,0.107742,9.610620
221078393836903,MAG,25.080000,6.660000,-42.059998
221078396295792,ACC,-1.237840,0.119714,9.773430
221078398295558,ACC,-1.063058,0.141262,10.111023
221078400295358,ACC,-0.984047,0.162811,10.266650
221078402295091,ACC,-0.770957,0.193936,10.556357
221078404294824,ACC,-0.536318,0.222668,10.805362
221078403835603,MAG,25.199999,6.600000,-41.340000
221078406294657,ACC,-0.399844,0.234639,10.905922
221078408294390,ACC,-0.186753,0.246610,11.075915
221078410294123,ACC,-0.019154,0.284919,11.229149
221078412293856,ACC,0.055068,0.301679,11.286612
221078414293589,ACC,0.260976,0.320833,11.468576
221078413834369,MAG,25.260000,6.960000,-41.520000
221078416293389,ACC,0.318439,0.366324,11.533222
221078418293122,ACC,0.351958,0.402238,11.600262
221078420292855,ACC,0.392661,0.486038,11.693638
221078422292621,ACC,0.418998,0.588992,11.770255
221078424292354,ACC,0.399844,0.758985,11.909122
221078423833102,MAG,25.199999,6.840000,-41.639999
221078426292087,ACC,0.414210,0.830813,11.985740
221078428291820,ACC,0.474066,0.969681,12.143762
221078430291553,ACC,0.509981,1.051087,12.213196
221078432291353,ACC,0.569837,1.197137,12.335304
221078434291086,ACC,0.665608,1.333611,12.347275
221078433831768,MAG,24.959999,6.900000,-41.160000
221078436290819,ACC,0.773351,1.403045,12.256292
221078438290552,ACC,0.818842,1.520365,12.198831
221078440290285,ACC,0.902642,1.613741,12.095877
221078442290018,ACC,0.957710,1.687964,11.997711
221078444289751,ACC,1.017567,1.728666,11.899546
221078443830501,MAG,25.139999,7.080000,-41.520000
221078446289484,ACC,1.053481,1.728666,11.849266
221078448289284,ACC,1.118126,1.738243,11.739129
221078450289017,ACC,1.166012,1.726272,11.688849
221078452288750,ACC,1.309668,1.711906,11.578713
221078454288483,ACC,1.505999,1.680781,11.494913
221078453829234,MAG,25.379999,6.900000,-41.759998
221078456288216,ACC,1.613741,1.697541,11.432662
221078458287949,ACC,1.857957,1.735849,11.300977
221078460287682,ACC,2.047105,1.814860,11.119012
221078462287482,ACC,2.130905,1.867534,10.987327
221078464287282,ACC,2.245830,1.958517,10.616215
221078463827967,MAG,25.139999,6.720000,-41.759998
221078466286915,ACC,2.320052,2.071048,10.149331
221078468286648,ACC,2.322447,2.130905,9.876384
221078470286381,ACC,2.257801,2.226676,9.253872
221078472286114,ACC,2.071048,2.296109,8.518829
221078474285847,ACC,1.745426,2.264984,7.702382
221078473826700,MAG,25.080000,6.600000,-41.700001
221078476285580,ACC,1.561067,2.233858,7.345635
221078478285380,ACC,1.194743,2.178790,6.768615
221078480285113,ACC,0.864333,2.092596,6.454965
221078482284846,ACC,0.701523,2.037528,6.378348
221078484284579,ACC,0.395055,1.917814,6.397502
221078483825433,MAG,24.900000,6.120000,-41.820000
221078486284312,ACC,0.234639,1.862746,6.452570
221078488284045,ACC,-0.057463,1.755003,6.651295
221078490283778,ACC,-0.306467,1.644867,6.890723
221078492283511,ACC,-0.531529,1.596981,7.132545
221078494283311,ACC,-0.703917,1.443748,7.304933
221078493824166,MAG,24.539999,5.700000,-41.520000
221078496283044,ACC,-0.775745,1.398257,7.352818
221078498282877,ACC,-0.871516,1.362342,7.348030
221078500282610,ACC,-0.883487,1.357554,7.324087
221078502282343,ACC,-0.869122,1.338400,7.254653
221078504282076,ACC,-0.799688,1.352765,7.180430
221078503822899,MAG,24.420000,5.640000,-41.700001
221078506281809,ACC,-0.730254,1.357554,7.161276
221078508281542,ACC,-0.524346,1.371920,7.161276
221078510281342,ACC,-0.280130,1.364737,7.211556
221078512281075,ACC,-0.138868,1.386285,7.252258
221078514280808,ACC,0.141262,1.436565,7.364789
221078513821565,MAG,24.000000,5.280000,-41.759998
221078516280541,ACC,0.414210,1.501210,7.474926
221078518280274,ACC,0.593780,1.527547,7.510840
221078520280007,ACC,1.022355,1.558673,7.635343
221078522279740,ACC,1.288120,1.673598,8.011244
221078524279473,ACC,1.503605,1.829226,8.348836
221078523820298,MAG,24.240000,5.040000,-41.520000
221078526279273,ACC,1.604164,1.922603,8.473338
221078528279039,ACC,1.778946,2.121327,8.681641
221078530278805,ACC,1.841197,2.195550,8.753469
221078532278571,ACC,1.891477,2.346389,8.763046
221078534278337,ACC,1.905843,2.487652,8.684034
221078533819064,MAG,24.180000,4.920000,-42.000000
221078536278103,ACC,1.884294,2.547508,8.636149
221078538277869,ACC,1.860352,2.679193,8.581081
221078540277702,ACC,1.829226,2.748627,8.638543
221078542277535,ACC,1.810072,2.751022,8.648121
221078544277301,ACC,1.769369,2.722291,8.679246
221078543817764,MAG,24.240000,4.440000,-42.000000
221078546277067,ACC,1.711906,2.607365,8.650515
221078548276833,ACC,1.209109,2.329629,8.432636
221078550276599,ACC,0.787716,1.005595,8.535589
221078552276365,ACC,0.313650,0.363930,9.545974
221078554276131,ACC,0.292102,0.258582,10.546781
221078553816530,MAG,24.240000,4.380000,-42.239998
221078556275964,ACC,0.342381,0.256187,10.774237
221078558275630,ACC,0.610540,0.507586,10.664100
221078560275396,ACC,1.120521,1.249811,9.979338
221078562275162,ACC,1.376708,1.604164,9.423865
221078564274928,ACC,1.857957,2.384698,8.415876
221078563815296,MAG,23.760000,4.380000,-42.480000
221078566274694,ACC,2.250618,3.064672,7.786181
221078568274460,ACC,2.401458,3.320859,7.635343
221078570274226,ACC,2.607365,3.684789,7.513234
221078572274059,ACC,2.657645,3.802108,7.563514
221078574273825,ACC,2.573845,3.723097,7.747873
221078573813996,MAG,24.299999,4.380000,-42.299999
221078576273591,ACC,2.485257,3.629721,7.879559
221078578273357,ACC,2.272167,3.407053,8.229122
221078580273123,ACC,2.157242,3.234665,8.365596
221078582272889,ACC,1.139675,1.472479,8.128563
221078584272655,ACC,0.126897,0.174782,9.160496
221078583812762,MAG,24.959999,4.560000,-41.879997
221078586272421,ACC,-0.074223,-0.062251,10.027223
221078588272221,ACC,-0.181965,-0.253793,11.389565
221078590271954,ACC,-0.124502,-0.215485,11.753495
221078592271687,ACC,-0.057463,-0.148445,11.554770
221078594271420,ACC,0.249005,0.361535,10.300170
221078593811528,MAG,25.439999,4.440000,-41.879997
221078596271153,ACC,0.371113,0.548289,9.909904
221078598270886,ACC,0.581809,0.723071,9.620196
221078600270619,ACC,0.668003,1.051087,9.354432
221078602270352,ACC,0.828419,1.345582,9.318518
221078604270152,ACC,0.976864,1.628107,9.220352
221078603810294,MAG,25.680000,4.380000,-41.939999
221078606269885,ACC,1.051087,1.778946,9.081485
221078608269618,ACC,1.163618,2.049499,8.684034
221078610269351,ACC,1.156435,2.269773,8.339259
221078612269084,ACC,1.122915,2.379909,8.245882
221078614268817,ACC,1.055875,2.585817,8.166871
221078613809060,MAG,25.379999,4.260000,-41.820000
221078616268550,ACC,0.991230,2.796513,8.260248
221078618268350,ACC,0.974470,2.887496,8.327288
221078620268150,ACC,0.943344,3.158048,8.437425
221078622267883,ACC,1.106155,3.646481,8.439818
221078624267616,ACC,1.379102,4.113364,8.051947
221078623807826,MAG,25.260000,4.200000,-41.639999
221078626267349,ACC,1.448536,4.240261,7.810124
221078628267082,ACC,1.549096,4.374340,7.616188
221078630266815,ACC,1.577827,4.376734,7.683228
221078632266548,ACC,1.551490,4.221107,8.195602
221078634266348,ACC,1.441353,3.816474,9.024022
221078633806592,MAG,25.320000,4.380000,-41.700001
221078636266148,ACC,1.347977,3.543527,9.464568
221078638265881,ACC,1.127703,2.954535,10.283410
221078640265614,ACC,0.960104,2.327235,10.972961
221078642265347,ACC,0.885882,2.011191,11.267457
221078644265080,ACC,0.699128,1.209109,11.980951
221078643805358,MAG,25.379999,4.620000,-41.639999
221078646264813,ACC,0.648848,0.991230,12.119819
221078648264546,ACC,0.586597,0.804476,12.217984
221078650264346,ACC,0.438152,0.553077,12.253899
221078652264079,ACC,0.354353,0.387873,12.119819
221078654263812,ACC,0.349564,0.337593,11.880392
221078653804058,MAG,25.680000,4.860000,-41.459999
221078656263545,ACC,0.344776,0.347170,11.758284
221078658263278,ACC,0.366324,0.392661,11.542799
221078660263011,ACC,0.397450,0.454912,11.387171
221078662262744,ACC,0.426181,0.481249,11.324920
221078664262477,ACC,0.471672,0.517163,11.217177
221078663802824,MAG,25.799999,4.920000,-41.820000
221078666262277,ACC,0.519558,0.531529,11.109435
221078668262010,ACC,0.541106,0.521952,11.054367
221078670261743,ACC,0.553077,0.500403,10.944230
221078672261476,ACC,0.605752,0.447729,10.807756
221078674261209,ACC,0.615329,0.366324,10.668888
221078673801590,MAG,25.740000,4.980000,-41.879997
221078676260942,ACC,0.624906,0.325621,10.597060
221078678260675,ACC,0.632089,0.270553,10.494106
221078680260408,ACC,0.663214,0.227456,10.422278
221078682260208,ACC,0.691945,0.217879,10.403124
221078684259941,ACC,0.744619,0.249005,10.451010
221078683800290,MAG,26.039999,4.620000,-41.639999
221078686259674,ACC,0.782928,0.270553,10.503684
221078688259407,ACC,0.835602,0.335198,10.635368
221078690259140,ACC,0.881093,0.445335,10.755082
221078692258873,ACC,0.890670,0.509981,10.822123
221078694258606,ACC,0.900247,0.701523,11.008876
221078693799056,MAG,26.279999,4.560000,-42.059998
221078696258339,ACC,0.895459,0.768562,11.063944
221078698258139,ACC,0.897853,0.840390,11.090281
221078700257872,ACC,0.864333,0.974470,11.121407
221078702257605,ACC,0.797293,1.125309,11.123801
221078704257338,ACC,0.718282,1.268966,11.111830
221078703797822,MAG,25.859999,4.620000,-42.119999
221078706257071,ACC,0.660820,1.331217,11.095070
221078708256804,ACC,0.541106,1.429382,11.059155
221078710256537,ACC,0.380690,1.491633,11.092675
221078712256337,ACC,0.301679,1.594587,11.138166
221078714256137,ACC,0.122108,1.678387,11.265063
221078713796588,MAG,25.920000,4.620000,-42.239998
221078716255870,ACC,-0.079011,1.728666,11.435057
221078718255603,ACC,-0.172388,1.752609,11.521251
221078720255336,ACC,-0.347170,1.781340,11.712792
221078722255036,ACC,-0.526740,1.788523,11.849266
221078724254769,ACC,-0.694340,1.774158,11.923489
221078723795354,MAG,25.680000,5.220000,-42.239998
221078726254502,ACC,-0.778139,1.769369,11.952220
221078728254302,ACC,-0.964893,1.774158,11.935460
221078730254035,ACC,-1.063058,1.771763,11.925883
221078732253768,ACC,-1.225869,1.759792,11.887574
221078734253501,ACC,-1.362342,1.764580,11.810958
221078733794120,MAG,25.199999,5.340000,-41.879997
221078736253234,ACC,-1.429382,1.776552,11.765467
221078738252967,ACC,-1.541913,1.831620,11.631387
221078740252700,ACC,-1.649655,1.908237,11.506885
221078742252433,ACC,-1.714301,1.968094,11.449422
221078744252233,ACC,-1.901054,2.209916,11.298583
221078743792886,MAG,25.199999,5.460000,-41.639999
221078746251999,ACC,-1.951334,2.293715,11.245909
221078748251765,ACC,-2.006402,2.375121,11.186052
221078750251531,ACC,-2.123722,2.542720,11.059155
221078752251297,ACC,-2.233858,2.698348,10.944230
221078754251063,ACC,-2.327235,2.846793,10.838882
221078753791686,MAG,25.379999,5.700000,-41.340000
221078756250829,ACC,-2.353572,2.916227,10.790997
221078758250595,ACC,-2.396669,3.040729,10.704803
221078760250428,ACC,-2.411035,3.093403,10.668888
221078762250228,ACC,-2.425400,3.179597,10.585089
221078764250028,ACC,-2.415823,3.256214,10.484529
221078763790452,MAG,25.799999,5.700000,-41.759998
221078766249828,ACC,-2.394275,3.284945,10.412702
221078768249628,ACC,-2.389486,3.328042,10.381576
221078770249428,ACC,-2.396669,3.347196,10.336084
221078772249228,ACC,-2.389486,3.366350,10.264256
221078774249028,ACC,-2.403852,3.351985,10.209188
221078773789285,MAG,25.859999,5.700000,-41.579998
221078776248894,ACC,-2.413429,3.332830,10.149331
221078778248760,ACC,-2.432583,3.308888,9.988914
221078780248626,ACC,-2.420612,3.282551,9.907509
221078782248526,ACC,-2.274561,3.122134,9.826104
221078784248392,ACC,-2.090202,2.968901,9.701602
221078783788185,MAG,26.039999,5.580000,-41.700001
221078786248258,ACC,-2.054288,2.961718,9.569917
221078788248124,ACC,-2.032739,2.964112,9.308941
221078790248057,ACC,-2.061471,3.016786,9.095850
221078792247990,ACC,-2.099779,3.057489,9.014444
221078794247856,ACC,-2.248224,3.203540,8.880365
221078793787018,MAG,25.619999,5.580000,-41.700001
221078796247722,ACC,-2.281744,3.330436,8.839663
221078798247588,ACC,-2.315264,3.395082,8.810931
221078800247454,ACC,-2.336812,3.541132,8.746285
221078802247320,ACC,-2.317658,3.663240,8.672064
221078804247186,ACC,-2.224281,3.787743,8.576292
221078803785918,MAG,25.080000,5.580000,-41.579998
221078806247086,ACC,-2.162030,3.838022,8.549955
221078808246986,ACC,-2.001614,3.936188,8.511647
221078810246819,ACC,-1.932180,3.993650,8.478127
221078812246652,ACC,-1.793312,4.108575,8.399116
221078814246485,ACC,-1.666415,4.230684,8.303345
221078813784818,MAG,24.959999,5.520000,-41.879997
221078816246318,ACC,-1.553884,4.271386,8.272220
221078818246151,ACC,-1.510787,4.371946,8.250671
221078820245984,ACC,-1.448536,4.489265,8.209969
221078822245850,ACC,-1.395862,4.563488,8.260248
221078824245650,ACC,-1.374314,4.594614,8.396722
221078823783651,MAG,24.480000,5.820000,-42.000000
221078826245450,ACC,-1.364737,4.594614,8.470944
221078828245250,ACC,-1.350371,4.597008,8.626573
221078830245050,ACC,-1.355160,4.601796,8.710372
221078832244850,ACC,-1.312063,4.601796,8.911490
221078834244650,ACC,-1.261783,4.618556,9.083879
221078833782517,MAG,24.539999,5.700000,-42.059998
221078836244450,ACC,-1.228263,4.635316,9.150918
221078838244283,ACC,-1.108549,4.711933,9.244295
221078840244016,ACC,-0.928979,4.822070,9.301758
221078842243749,ACC,-0.833208,4.874743,9.328094
221078844243482,ACC,-0.632089,5.032766,9.371192
221078843781383,MAG,24.719999,5.640000,-42.059998
221078846243215,ACC,-0.442941,5.200365,9.466963
221078848242948,ACC,-0.337593,5.293742,9.531608
221078850242681,ACC,-0.143656,5.458947,9.706390
221078852242414,ACC,0.004789,5.633729,9.924269
221078854242214,ACC,0.095771,5.774991,10.125388
221078853780249,MAG,24.420000,5.760000,-41.879997
221078856241947,ACC,0.153234,5.839636,10.221159
221078858241680,ACC,0.232245,5.944984,10.415095
221078860241413,ACC,0.318439,5.997658,10.592272
221078862241146,ACC,0.361535,6.007236,10.668888
221078864240879,ACC,0.435758,6.033573,10.769448
221078863779115,MAG,24.480000,5.820000,-42.000000
221078866240612,ACC,0.459701,6.040755,10.812545
221078868240345,ACC,0.466884,6.057515,10.915499
221078870240145,ACC,0.407027,6.059909,11.018453
221078872239878,ACC,0.385478,6.067092,11.080704
221078874239611,ACC,0.337593,6.052727,11.202812
221078873777981,MAG,24.240000,6.060000,-42.419998
221078876239344,ACC,0.299284,6.040755,11.193234
221078878239077,ACC,0.198725,6.016813,11.162109
221078880238810,ACC,0.143656,5.988081,11.142955
221078882238543,ACC,0.031126,5.897099,11.104647
221078884238343,ACC,-0.119714,5.770202,11.018453
221078883776847,MAG,23.879999,6.060000,-42.660000
221078886238143,ACC,-0.213090,5.695980,10.977750
221078888237876,ACC,-0.459701,5.514015,10.879584
221078890237609,ACC,-0.766168,5.293742,10.771842
221078892237342,ACC,-0.938556,5.169240,10.700014
221078894237075,ACC,-1.290514,4.896292,10.520444
221078893775713,MAG,23.820000,5.940000,-42.899998
221078896236808,ACC,-1.654444,4.587430,10.309748
221078898236508,ACC,-1.834015,4.441380,10.204399
221078900236308,ACC,-2.142876,4.146884,9.981731
221078902236041,ACC,-2.411035,3.866754,9.737515
221078904235774,ACC,-2.597788,3.634509,9.502876
221078903774513,MAG,23.939999,5.700000,-42.899998
221078906235507,ACC,-2.676799,3.526767,9.395134
221078908235240,ACC,-2.801301,3.337619,9.220352
221078910234973,ACC,-2.844398,3.253819,9.136553
221078912234706,ACC,-2.932987,3.071855,9.014444
221078914234439,ACC,-3.026363,2.899467,8.942616
221078913773379,MAG,24.299999,5.460000,-42.599998
221078916234239,ACC,-3.067066,2.820456,8.892337
221078918233972,ACC,-3.174809,2.698348,8.791777
221078920233705,ACC,-3.256214,2.600183,8.710372
221078922233438,ACC,-3.296916,2.557086,8.674458
221078924233171,ACC,-3.349591,2.461314,8.593052
221078923772245,MAG,24.359999,5.040000,-42.360001
221078926232904,ACC,-3.361562,2.427795,8.583475
221078928232637,ACC,-3.363956,2.403852,8.597841
221078930232370,ACC,-3.354379,2.348783,8.619390
221078932232170,ACC,-3.280156,2.303292,8.700794
221078934231903,ACC,-3.208328,2.274561,8.868394
221078933771045,MAG,24.779999,4.740000,-42.419998
221078936231636,ACC,-3.177203,2.255407,8.945011
221078938231369,ACC,-3.100586,2.243435,9.081485
221078940231102,ACC,-3.016786,2.226676,9.150918
221078942230835,ACC,-2.973689,2.224281,9.191621
221078944230568,ACC,-2.916227,2.219493,9.289786
221078943769911,MAG,24.779999,4.320000,-42.899998
221078946230334,ACC,-2.846793,2.219493,9.340066
221078948230134,ACC,-2.808484,2.224281,9.364009
221078950229867,ACC,-2.681588,2.260195,9.407105
221078952229600,ACC,-2.542720,2.257801,9.445415
221078954229333,ACC,-2.411035,2.253013,9.483723
221078953768777,MAG,24.840000,3.780000,-42.779999
221078956229066,ACC,-2.329629,2.262590,9.488511
221078958228799,ACC,-2.193156,2.262590,9.534002
221078960228532,ACC,-2.135693,2.267378,9.577099
221078962228332,ACC,-2.027951,2.267378,9.668081
221078964228132,ACC,-1.958517,2.241041,9.794978
221078963767643,MAG,24.959999,3.120000,-43.139999
221078966227865,ACC,-1.944151,2.231464,9.873989
221078968227598,ACC,-1.889083,2.190762,10.043983
221078970227331,ACC,-1.853169,2.164424,10.190034
221078972227064,ACC,-1.841197,2.150059,10.257073
221078974226797,ACC,-1.822043,2.085413,10.458193
221078973766509,MAG,24.840000,2.880000,-43.020000
221078976226530,ACC,-1.831620,2.054288,10.537204
221078978226330,ACC,-1.834015,2.015979,10.616215
221078980226063,ACC,-1.843592,1.893871,10.800573
221078982225796,ACC,-1.862746,1.747821,11.018453
221078984225529,ACC,-1.896266,1.604164,11.245909
221078983765375,MAG,24.900000,2.220000,-42.660000
221078986225262,ACC,-1.920208,1.522759,11.363228
221078988224995,ACC,-1.968094,1.374314,11.593079
221078990224728,ACC,-2.011191,1.235446,11.767860
221078992224461,ACC,-2.039922,1.163618,11.834900
221078994224261,ACC,-2.116539,1.043904,11.964191
221078993764241,MAG,24.660000,1.740000,-43.020000
221078996223994,ACC,-2.241041,0.933767,12.036019
221078998223727,ACC,-2.310475,0.885882,12.062357
221079000223460,ACC,-2.437372,0.794899,12.091087
221079002223193,ACC,-2.585817,0.732648,12.059962
221079004222926,ACC,-2.722291,0.656031,12.002500
221079003763107,MAG,24.779999,1.740000,-42.719997
221079006222626,ACC,-2.772570,0.612934,11.959403
221079008222359,ACC,-2.851581,0.548289,11.887574
221079010222159,ACC,-2.877918,0.521952,11.832506
221079012221892,ACC,-2.930592,0.488432,11.724764
221079014221625,ACC,-2.954535,0.418998,11.633781
221079013761907,MAG,25.019999,1.380000,-42.840000
221079016221358,ACC,-2.956929,0.385478,11.595473
221079018221091,ACC,-2.956929,0.320833,11.540404
221079020220824,ACC,-2.935381,0.268159,11.475760
221079022220557,ACC,-2.918621,0.244216,11.451817
221079024220290,ACC,-2.846793,0.177176,11.358439
221079023760773,MAG,24.719999,1.440000,-43.020000
221079026220090,ACC,-2.808484,0.136474,11.308160
221079028219823,ACC,-2.765387,0.088588,11.260275
221079030219556,ACC,-2.664828,0.011971,11.159715
221079032219289,ACC,-2.588211,-0.038308,11.037607
221079034219022,ACC,-2.502017,-0.093377,10.929865
221079033759639,MAG,24.959999,1.320000,-42.719997
221079036218755,ACC,-2.466103,-0.122108,10.867614
221079038218488,ACC,-2.377515,-0.191542,10.707197
221079040218288,ACC,-2.293715,-0.222668,10.530021
221079042218088,ACC,-2.276955,-0.234639,10.443827
221079044217821,ACC,-2.264984,-0.284919,10.281016
221079043758439,MAG,24.840000,1.020000,-42.540001
221079046217554,ACC,-2.320052,-0.318439,10.122993
221079048217287,ACC,-2.348783,-0.342381,10.077502
221079050217020,ACC,-2.396669,-0.380690,10.067925
221079052216753,ACC,-2.439766,-0.433364,10.089474
221079054216486,ACC,-2.446949,-0.493221,10.111023
221079053757272,MAG,25.019999,0.540000,-42.660000
221079056216286,ACC,-2.442160,-0.529135,10.096657
221079058216086,ACC,-2.394275,-0.605752,10.065532
221079060215819,ACC,-2.363149,-0.644060,10.041589
221079062215552,ACC,-2.291321,-0.739831,10.022434
221079064215285,ACC,-2.197944,-0.854756,10.015251
221079063756072,MAG,25.680000,-0.240000,-42.180000
221079066215018,ACC,-2.147665,-0.888276,10.017646
221079068214751,ACC,-2.037528,-0.964893,10.041589
221079070214484,ACC,-1.948940,-0.993624,10.075109
221079072214284,ACC,-1.898660,-1.000807,10.091868
221079074214017,ACC,-1.738243,-0.940950,10.089474
221079073754805,MAG,25.740000,-0.540000,-42.000000
221079076213817,ACC,-1.683175,-0.928979,10.051166
221079078213550,ACC,-1.630501,-0.919402,10.000886
221079080213283,ACC,-1.515576,-0.885882,9.945818
221079082213016,ACC,-1.383891,-0.837996,9.926663
221079084212749,ACC,-1.278543,-0.830813,9.919480
221079083753538,MAG,26.340000,-0.900000,-42.119999
221079086212482,ACC,-1.237840,-0.830813,9.907509
221079088212282,ACC,-1.182772,-0.840390,9.900327
221079090212015,ACC,-1.156435,-0.852362,9.900327
221079092211748,ACC,-1.144463,-0.881093,9.933846
221079094211481,ACC,-1.110944,-0.921796,9.962578
221079093752271,MAG,26.519999,-1.380000,-41.520000
221079096211214,ACC,-1.127703,-0.936161,10.010463
221079098210947,ACC,-1.130098,-0.940950,10.041589
221079100210680,ACC,-1.127703,-0.936161,10.091868
221079102210413,ACC,-1.118126,-0.890670,10.072714
221079104210213,ACC,-1.101366,-0.816448,10.043983
221079103751004,MAG,26.879999,-1.320000,-41.759998
221079106209946,ACC,-1.091789,-0.792505,10.027223
221079108209679,ACC,-1.048692,-0.751802,9.957788
221079110209412,ACC,-1.029538,-0.732648,9.907509
221079112209145,ACC,-0.988836,-0.711100,9.806950
221079114208878,ACC,-0.984047,-0.689551,9.732727
221079113749737,MAG,27.000000,-1.740000,-42.119999
221079116208611,ACC,-0.988836,-0.677580,9.694419
221079118208344,ACC,-1.000807,-0.679974,9.615408
221079120208144,ACC,-1.005595,-0.694340,9.536397
221079122207877,ACC,-1.005595,-0.708705,9.486116
221079124207610,ACC,-0.938556,-0.723071,9.320911
221079123748470,MAG,26.820000,-2.340000,-41.520000
221079126207343,ACC,-0.902642,-0.715888,9.261055
221079128207076,ACC,-0.869122,-0.699128,9.210775
221079130206809,ACC,-0.806871,-0.644060,9.117398
221079132206542,ACC,-0.780534,-0.569837,9.038387
221079134206342,ACC,-0.775745,-0.521952,8.980925
221079133747203,MAG,27.119999,-2.820000,-41.399998
221079136206075,ACC,-0.785322,-0.486038,8.942616
221079138205808,ACC,-0.821236,-0.428575,8.865999
221079140205541,ACC,-0.847573,-0.407027,8.837268
221079142205274,ACC,-0.914613,-0.399844,8.770228
221079144205007,ACC,-0.998413,-0.378295,8.691217
221079143745936,MAG,27.119999,-3.300000,-40.980000
221079146204740,ACC,-1.120521,-0.373507,8.686429
221079148204473,ACC,-1.170800,-0.399844,8.686429
221079150204273,ACC,-1.271360,-0.428575,8.700794
221079152204039,ACC,-1.379102,-0.462095,8.779806
221079154203805,ACC,-1.450930,-0.481249,8.897125
221079153744636,MAG,27.420000,-3.660000,-40.439999
221079156203571,ACC,-1.494027,-0.483644,8.973742
221079158203337,ACC,-1.556279,-0.478855,9.143736
221079160203103,ACC,-1.630501,-0.464489,9.313729
221079162202869,ACC,-1.666415,-0.476461,9.385557
221079164202635,ACC,-1.750215,-0.447729,9.514848
221079163743402,MAG,27.660000,-3.660000,-40.860001
221079166202468,ACC,-1.798100,-0.418998,9.579494
221079168202234,ACC,-1.896266,-0.380690,9.692024
221079170202000,ACC,-2.011191,-0.342381,9.809344
221079172201766,ACC,-2.066259,-0.318439,9.869201
221079174201532,ACC,-2.286532,-0.284919,9.969760
221079173742168,MAG,27.719999,-3.420000,-41.160000
221079176201298,ACC,-2.348783,-0.275342,10.084685
221079178201064,ACC,-2.403852,-0.277736,10.132571
221079180200830,ACC,-2.466103,-0.263370,10.190034
221079182200663,ACC,-2.485257,-0.253793,10.213976
221079184200429,ACC,-2.502017,-0.260976,10.223554
221079183740868,MAG,28.139999,-3.000000,-41.279999
221079186200195,ACC,-2.482863,-0.275342,10.223554
221079188199961,ACC,-2.408640,-0.292102,10.230737
221079190199727,ACC,-2.375121,-0.304073,10.269045
221079192199493,ACC,-2.281744,-0.337593,10.362421
221079194199259,ACC,-2.178790,-0.349564,10.498895
221079193739634,MAG,28.439999,-3.000000,-41.279999
221079196199025,ACC,-2.118933,-0.349564,10.563540
221079198198858,ACC,-2.051893,-0.366324,10.668888
221079200198624,ACC,-2.027951,-0.373507,10.640158
221079202198390,ACC,-2.051893,-0.349564,10.704803
221079204198156,ACC,-2.116539,-0.308861,10.867614
221079203738400,MAG,29.099998,-3.060000,-41.399998
221079206197989,ACC,-2.176396,-0.313650,10.905922
221079208197755,ACC,-2.327235,-0.323227,10.898739
221079210197521,ACC,-2.411035,-0.320833,10.881979
221079212197321,ACC,-2.576240,-0.306467,10.824516
221079214197121,ACC,-2.762993,-0.299284,10.723957
221079213737166,MAG,29.099998,-3.360000,-41.520000
221079216196854,ACC,-2.856370,-0.311256,10.652128
221079218196587,ACC,-3.040729,-0.335198,10.482135
221079220196320,ACC,-3.213117,-0.387873,10.295382
221079222196053,ACC,-3.328042,-0.414210,10.204399
221079224195786,ACC,-3.526767,-0.500403,9.960183
221079223735932,MAG,28.859999,-4.020000,-41.219997
221079226195519,ACC,-3.725492,-0.588992,9.739910
221079228195319,ACC,-3.809291,-0.629694,9.646533
221079230195052,ACC,-3.948159,-0.703917,9.474146
221079232194785,ACC,-4.063084,-0.778139,9.308941
221079234194518,ACC,-4.154067,-0.842785,9.177256
221079233734698,MAG,29.099998,-4.680000,-41.340000
221079236194251,ACC,-4.199558,-0.881093,9.138947
221079238193984,ACC,-4.225895,-0.952921,9.069513
221079240193717,ACC,-4.228289,-0.981653,9.033599
221079242193450,ACC,-4.266598,-1.019961,8.976136
221079244193250,ACC,-4.316877,-1.034327,8.964165
221079243733464,MAG,29.039999,-5.100000,-40.619999
221079246192983,ACC,-4.319272,-1.041510,8.942616
221079248192716,ACC,-4.307301,-1.055875,8.913885
221079250192449,ACC,-4.312089,-1.027144,8.933040
221079252192182,ACC,-4.307301,-1.029538,8.966559
221079254191915,ACC,-4.266598,-1.053481,9.088667
221079253732230,MAG,29.639999,-5.340000,-40.079998
221079256191648,ACC,-4.264204,-1.063058,9.138947
221079258191381,ACC,-4.237866,-1.077424,9.229929
221079260191181,ACC,-4.225895,-1.122915,9.261055
221079262190914,ACC,-4.182798,-1.156435,9.306546
221079264190647,ACC,-4.151672,-1.168406,9.301758
221079263730930,MAG,30.299999,-5.820000,-39.840000
221079266190313,ACC,-4.130124,-1.161223,9.289786
221079268190046,ACC,-4.089421,-1.142069,9.419077
221079270189779,ACC,-4.051113,-1.177983,9.605830
221079272189512,ACC,-4.048719,-1.211503,9.670476
221079274189245,ACC,-4.005622,-1.247417,9.763853
221079273729696,MAG,30.420000,-5.940000,-39.119999
221079276189045,ACC,-3.952948,-1.259389,9.828498
221079278188911,ACC,-3.914639,-1.252206,9.814133
221079280188644,ACC,-3.778166,-1.211503,9.744699
221079282188377,ACC,-3.581835,-1.106155,10.005674
221079284188110,ACC,-3.313676,-1.089395,10.194822
221079283728462,MAG,31.260000,-6.360000,-38.700001
221079286187843,ACC,-3.155654,-1.089395,10.264256
221079288187576,ACC,-2.818061,-1.075029,10.340873
221079290187376,ACC,-2.636096,-1.067847,10.338479
221079292187176,ACC,-2.286532,-1.039115,10.237919
221079294186909,ACC,-1.975277,-0.943344,10.381576
221079293727162,MAG,31.859999,-6.540000,-38.279999
221079296186642,ACC,-1.834015,-0.933767,10.417490
221079298186375,ACC,-1.628107,-0.919402,10.355239
221079300186108,ACC,-1.489239,-0.888276,10.223554
221079302185841,ACC,-1.443748,-0.864333,10.163696
221079304185574,ACC,-1.395862,-0.768562,9.914692
221079303725928,MAG,32.340000,-6.660000,-38.279999
221079306185374,ACC,-1.400651,-0.749408,9.828498
221079308185174,ACC,-1.472479,-0.727860,9.730332
221079310184907,ACC,-1.525153,-0.699128,9.510059
221079312184640,ACC,-1.649655,-0.636877,9.335278
221079314184373,ACC,-1.812466,-0.581809,9.167678
221079313724694,MAG,32.880001,-7.020000,-38.219997
221079316184106,ACC,-1.913026,-0.550683,9.115005
221079318183839,ACC,-2.114145,-0.526740,9.047964
221079320183572,ACC,-2.305687,-0.541106,9.028811
221079322183372,ACC,-2.427795,-0.572232,9.021627
221079324183105,ACC,-2.662434,-0.677580,9.033599
221079323723394,MAG,32.820000,-6.960000,-38.040001
221079326182838,ACC,-2.899467,-0.828419,9.052753
221079328182571,ACC,-3.004815,-0.914613,9.069513
221079330182304,ACC,-3.210722,-1.113338,9.105427
221079332182037,ACC,-3.368745,-1.328822,9.086273
221079334181770,ACC,-3.471699,-1.541913,9.024022
221079333722160,MAG,33.059998,-7.620000,-38.099998
221079336181503,ACC,-3.495641,-1.644867,8.964165
221079338181169,ACC,-3.505218,-1.836409,8.846846
221079340180902,ACC,-3.466910,-2.001614,8.741497
221079342180635,ACC,-3.419024,-2.071048,8.684034
221079344180368,ACC,-3.275368,-2.183579,8.576292
221079343720926,MAG,33.059998,-8.099999,-37.619999
221079346180101,ACC,-3.186780,-2.226676,8.537984
221079348179834,ACC,-2.966506,-2.267378,8.494887
221079350179567,ACC,-2.748627,-2.300898,8.463761
221079352179300,ACC,-2.638491,-2.298504,8.463761
221079354179100,ACC,-2.288927,-2.296109,8.535589
221079353719692,MAG,33.059998,-8.400000,-37.860001
221079356178833,ACC,-2.171607,-2.274561,8.569110
221079358178566,ACC,-2.054288,-2.245830,8.607418
221079360178299,ACC,-1.790918,-2.190762,8.724737
221079362178032,ACC,-1.537124,-2.126116,8.865999
221079364177765,ACC,-1.292908,-2.020768,9.057542
221079363718458,MAG,33.419998,-9.300000,-37.860001
221079366177498,ACC,-1.163618,-1.963305,9.172467
221079368177231,ACC,-0.895459,-1.867534,9.392740
221079370177031,ACC,-0.644060,-1.755003,9.615408
221079372176764,ACC,-0.519558,-1.683175,9.723150
221079374176497,ACC,-0.272947,-1.527547,9.948212
221079373717224,MAG,33.360001,-9.420000,-37.500000
221079376176230,ACC,-0.064645,-1.381497,10.115811
221079378175963,ACC,0.031126,-1.292908,10.204399
221079380175696,ACC,0.196331,-1.134886,10.371999
221079382175429,ACC,0.337593,-0.986441,10.549175
221079384175229,ACC,0.500403,-0.847573,10.740717
221079383715990,MAG,33.480000,-9.780000,-37.559998
221079386175029,ACC,0.588992,-0.763774,10.831699
221079388174762,ACC,0.778139,-0.648848,10.975356
221079390174495,ACC,0.861939,-0.608146,11.044789
221079392174228,ACC,1.039115,-0.536318,11.188446
221079394173961,ACC,1.185166,-0.459701,11.286612
221079393714756,MAG,33.540001,-10.139999,-37.380001
221079396173694,ACC,1.256994,-0.430969,11.322526
221079398173427,ACC,1.355160,-0.385478,11.384777
221079400173227,ACC,1.400651,-0.335198,11.418297
221079402172960,ACC,1.398257,-0.330410,11.399142
221079404172693,ACC,1.271360,-0.339987,11.382382
221079403713456,MAG,33.480000,-10.320000,-37.439999
221079406172426,ACC,1.213897,-0.359141,11.377594
221079408172159,ACC,1.132492,-0.387873,11.351257
221079410171892,ACC,0.950527,-0.464489,11.257880
221079412171625,ACC,0.770957,-0.555472,11.142955
221079414171358,ACC,0.581809,-0.670397,11.030424
221079413712222,MAG,33.540001,-10.800000,-37.079998
221079416171158,ACC,0.459701,-0.739831,10.977750
221079418170891,ACC,0.196331,-0.883487,10.848459
221079420170624,ACC,-0.117319,-0.957710,10.683254
221079422170357,ACC,-0.270553,-1.146858,10.592272
221079424170090,ACC,-0.588992,-1.321640,10.388759
221079423710988,MAG,33.299999,-11.160000,-36.419998
221079426169823,ACC,-0.907430,-1.510787,10.185245
221079428169556,ACC,-1.075029,-1.611347,10.072714
221079430169289,ACC,-1.371920,-1.795706,9.864412
221079432169089,ACC,-1.611347,-1.996825,9.668081
221079434168822,ACC,-1.817255,-2.200339,9.505271
221079433709688,MAG,33.180000,-11.460000,-36.000000
221079436168555,ACC,-1.893871,-2.288927,9.447808
221079438168288,ACC,-1.984854,-2.439766,9.361614
221079440168021,ACC,-2.001614,-2.525960,9.340066
221079442167754,ACC,-1.999219,-2.664828,9.323306
221079444167487,ACC,-1.872323,-2.806090,9.347249
221079443708454,MAG,33.000000,-11.759999,-35.639999
221079446167220,ACC,-1.774158,-2.846793,9.373586
221079448167020,ACC,-1.534730,-2.904255,9.443020
221079450166753,ACC,-1.182772,-2.923409,9.567522
221079452166486,ACC,-0.974470,-2.909044,9.627379
221079454166219,ACC,-0.306467,-2.825244,9.854836
221079453707187,MAG,33.180000,-12.300000,-35.759998
221079456165952,ACC,-0.057463,-2.789330,9.931452
221079458165685,ACC,0.191542,-2.758204,9.996098
221079460165418,ACC,0.670397,-2.648068,10.091868
221079462165218,ACC,1.139675,-2.516383,10.178062
221079464165018,ACC,1.585010,-2.360755,10.245102
221079463705920,MAG,33.779999,-12.960000,-35.880001
221079466164918,ACC,1.778946,-2.279350,10.288198
221079468164651,ACC,2.111750,-2.102173,10.388759
221079470164384,ACC,2.233858,-2.027951,10.434250
221079472164117,ACC,2.418218,-1.908237,10.565935
221079474163850,ACC,2.597788,-1.774158,10.692831
221079473704653,MAG,33.719997,-13.679999,-35.820000
221079476163583,ACC,2.700742,-1.719089,10.817333
221079478163383,ACC,2.731868,-1.637684,10.865219
221079480163116,ACC,2.722291,-1.573039,10.960990
221079482162849,ACC,2.640885,-1.527547,11.004087
221079484162582,ACC,2.535537,-1.486845,11.008876
221079483703386,MAG,33.779999,-14.160000,-35.820000
221079486162315,ACC,2.449343,-1.465296,10.989721
221079488162048,ACC,2.219493,-1.438959,10.865219
221079490161781,ACC,2.083019,-1.429382,10.779025
221079492161514,ACC,1.788523,-1.424594,10.661706
221079494161314,ACC,1.491633,-1.429382,10.613820
221079493702119,MAG,33.360001,-14.400000,-35.820000
221079496161047,ACC,1.333611,-1.450930,10.599455
221079498160780,ACC,1.048692,-1.486845,10.568329
221079500160513,ACC,0.802082,-1.544307,10.518049
221079502160246,ACC,0.703917,-1.585010,10.479741
221079504159979,ACC,0.476461,-1.711906,10.374393
221079503700852,MAG,32.939999,-14.280000,-35.639999
221079506159712,ACC,0.430969,-1.841197,10.333690
221079508159445,ACC,0.402238,-1.903448,10.295382
221079510159245,ACC,0.342381,-2.015979,10.209188
221079512158978,ACC,0.337593,-2.106962,10.089474
221079514158711,ACC,0.368718,-2.176396,9.950606
221079513699518,MAG,33.059998,-14.400000,-35.340000
221079516158444,ACC,0.399844,-2.195550,9.881172
221079518158177,ACC,0.476461,-2.241041,9.744699
221079520157910,ACC,0.536318,-2.272167,9.653716
221079522157643,ACC,0.577020,-2.286532,9.624985
221079524157376,ACC,0.653637,-2.329629,9.589070
221079523698251,MAG,32.520000,-14.580000,-35.160000
221079526157009,ACC,0.718282,-2.343995,9.584282
221079528156742,ACC,0.761379,-2.353572,9.579494
221079530156475,ACC,0.847573,-2.365544,9.617802
221079532156208,ACC,0.964893,-2.370332,9.653716
221079534155941,ACC,1.058270,-2.403852,9.689631
221079533696984,MAG,32.279999,-15.120000,-35.099998
221079536155674,ACC,1.091789,-2.403852,9.706390
221079538155407,ACC,1.187560,-2.408640,9.708784
221079540155207,ACC,1.228263,-2.408640,9.696813
221079542155007,ACC,1.273754,-2.403852,9.684841
221079544154740,ACC,1.302485,-2.401458,9.715967
221079543695650,MAG,31.920000,-15.660000,-35.639999
221079546154473,ACC,1.290514,-2.403852,9.747093
221079548154206,ACC,1.256994,-2.399063,9.811738
221079550153939,ACC,1.201926,-2.425400,9.897932
221079552153672,ACC,1.161223,-2.439766,9.945818
221079554153405,ACC,1.048692,-2.439766,10.043983
221079553694383,MAG,31.320000,-16.020000,-35.939999
221079556153205,ACC,0.893064,-2.475680,10.161303
221079558153005,ACC,0.818842,-2.499623,10.237919
221079560152771,ACC,0.694340,-2.561874,10.381576
221079562152537,ACC,0.581809,-2.636096,10.549175
221079564152303,ACC,0.490826,-2.727079,10.704803
221079563693149,MAG,31.559999,-16.440001,-35.880001
221079566152069,ACC,0.447729,-2.762993,10.769448
221079568151835,ACC,0.371113,-2.818061,10.891556
221079570151601,ACC,0.339987,-2.853976,10.968173
221079572151434,ACC,0.332804,-2.899467,11.140561
221079574151200,ACC,0.337593,-2.913832,11.300977
221079573691849,MAG,31.320000,-16.320000,-35.759998
221079576150966,ACC,0.361535,-2.921015,11.379988
221079578150732,ACC,0.438152,-2.940170,11.514068
221079580150498,ACC,0.557866,-2.971295,11.576319
221079582150264,ACC,0.713494,-2.983266,11.617022
221079584150030,ACC,0.907430,-2.992844,11.736735
221079583690615,MAG,31.199999,-16.379999,-35.099998
221079586149796,ACC,1.015172,-2.990449,11.787015
221079588149629,ACC,1.237840,-2.978478,11.863631
221079590149395,ACC,1.347977,-2.971295,11.897152
221079592149161,ACC,1.580221,-2.940170,11.992923
221079594148927,ACC,1.786129,-2.894678,12.086299
221079593689381,MAG,31.260000,-16.559999,-34.919998
221079596148693,ACC,1.877111,-2.877918,12.143762
221079598148459,ACC,1.987248,-2.839610,12.270658
221079600148225,ACC,2.090202,-2.801301,12.399949
221079602147991,ACC,2.135693,-2.765387,12.476566
221079604147824,ACC,2.178790,-2.688771,12.677685
221079603688147,MAG,30.840000,-16.559999,-34.619999
221079606147590,ACC,2.202733,-2.672011,12.744725
221079608147356,ACC,2.221887,-2.667222,12.802187
221079610147122,ACC,2.243435,-2.667222,12.893169
221079612146888,ACC,2.308081,-2.688771,12.988941
221079614146654,ACC,2.343995,-2.724685,13.070346
221079613686913,MAG,30.959999,-17.039999,-34.380001
221079616146420,ACC,2.363149,-2.743839,13.096684
221079618146186,ACC,2.408640,-2.772570,13.190060
221079620145986,ACC,2.420612,-2.801301,13.237946
221079622145719,ACC,2.432583,-2.846793,13.312168
221079624145452,ACC,2.434978,-2.921015,13.393573
221079623685679,MAG,30.959999,-17.219999,-34.739998
221079626145185,ACC,2.434978,-2.971295,13.436670
221079628144918,ACC,2.425400,-3.045517,13.568356
221079630144651,ACC,2.382303,-3.138894,13.637790
221079632144384,ACC,2.360755,-3.186780,13.666521
221079634144184,ACC,2.253013,-3.323253,13.728772
221079633684445,MAG,30.959999,-17.219999,-34.680000
221079636143984,ACC,2.205127,-3.380716,13.747926
221079638143717,ACC,2.114145,-3.435784,13.752714
221079640143450,ACC,2.073442,-3.517190,13.735954
221079642143183,ACC,1.970488,-3.555498,13.671309
221079644142916,ACC,1.857957,-3.579441,13.594692
221079643683211,MAG,31.320000,-17.580000,-35.040001
221079646142649,ACC,1.798100,-3.589018,13.561172
221079648142382,ACC,1.683175,-3.591412,13.439064
221079650142182,ACC,1.537124,-3.589018,13.290620
221079652141915,ACC,1.467690,-3.581835,13.194848
221079654141648,ACC,1.292908,-3.596201,13.024855
221079653681911,MAG,30.779999,-17.699999,-35.399998
221079656141381,ACC,1.067847,-3.622538,12.893169
221079658141114,ACC,0.938556,-3.639298,12.842890
221079660140847,ACC,0.694340,-3.703943,12.761485
221079662140580,ACC,0.421392,-3.775771,12.737542
221079664140313,ACC,0.148445,-3.878725,12.713599
221079663680677,MAG,30.660000,-17.760000,-34.919998
221079666140113,ACC,0.016760,-3.936188,12.701628
221079668139846,ACC,-0.215485,-4.053507,12.608252
221079670139579,ACC,-0.316044,-4.103787,12.550789
221079672139312,ACC,-0.514769,-4.175615,12.390372
221079674139045,ACC,-0.663214,-4.218712,12.189253
221079673679443,MAG,30.539999,-18.180000,-34.919998
221079676138778,ACC,-0.727860,-4.225895,12.079117
221079678138511,ACC,-0.852362,-4.228289,11.818140
221079680138244,ACC,-0.919402,-4.213923,11.540404
221079682138044,ACC,-0.933767,-4.206741,11.396749
221079684137777,ACC,-0.945739,-4.173221,10.956202
221079683678143,MAG,30.599998,-18.480000,-34.919998
221079686137510,ACC,-0.936161,-4.156461,10.812545
221079688137243,ACC,-0.907430,-4.137307,10.676071
221079690136976,ACC,-0.830813,-4.108575,10.395941
221079692136709,ACC,-0.732648,-4.108575,10.101445
221079694136442,ACC,-0.624906,-4.096604,9.818921
221079693676909,MAG,31.260000,-18.660000,-33.959999
221079696136175,ACC,-0.569837,-4.096604,9.658504
221079698135975,ACC,-0.462095,-4.106181,9.354432
221079700135708,ACC,-0.375901,-4.118153,9.103033
221079702135441,ACC,-0.337593,-4.115758,9.009656
221079704135174,ACC,-0.284919,-4.096604,8.870789
221079703675675,MAG,31.859999,-19.020000,-33.899998
221079706134907,ACC,-0.220273,-4.060690,8.801354
221079708134640,ACC,-0.174782,-4.039142,8.803748
221079710134373,ACC,-0.038308,-3.969708,8.849239
221079712134173,ACC,0.122108,-3.866754,8.976136
221079714133973,ACC,0.304073,-3.749434,9.112610
221079713674441,MAG,32.520000,-18.959999,-33.480000
221079716133706,ACC,0.392661,-3.691972,9.174861
221079718133439,ACC,0.581809,-3.553104,9.227535
221079720133172,ACC,0.675186,-3.476487,9.217958
221079722132905,ACC,0.847573,-3.328042,9.148524
221079724132638,ACC,0.962498,-3.146077,9.074302
221079723673207,MAG,32.459999,-19.260000,-32.700001
221079726132371,ACC,0.993624,-3.064672,9.040782
221079728132171,ACC,1.029538,-2.894678,8.985713
221079730131904,ACC,1.070241,-2.736656,8.973742
221079732131637,ACC,1.101366,-2.669616,8.976136
221079734131370,ACC,1.235446,-2.545114,9.100638
221079733671973,MAG,32.700001,-19.740000,-32.820000
221079736131103,ACC,1.268966,-2.528354,9.129370
221079738130836,ACC,1.302485,-2.521171,9.153313
221079740130569,ACC,1.367131,-2.547508,9.237112
221079742130302,ACC,1.386285,-2.576240,9.325701
221079744130102,ACC,1.405439,-2.593000,9.421472
221079743670739,MAG,32.880001,-19.980000,-32.399998
221079746129835,ACC,1.419805,-2.595394,9.476540
221079748129568,ACC,1.438959,-2.569057,9.574705
221079750129301,ACC,1.431776,-2.545114,9.629773
221079752129034,ACC,1.424594,-2.458920,9.639350
221079754128767,ACC,1.417411,-2.351178,9.641745
221079753669505,MAG,32.399998,-20.340000,-31.799999
221079756128633,ACC,1.426988,-2.188367,9.668081
221079758128366,ACC,1.431776,-2.106962,9.684841
221079760128166,ACC,1.436565,-1.939363,9.706390
221079762127899,ACC,1.455719,-1.790918,9.754275
221079764127632,ACC,1.474873,-1.659232,9.818921
221079763668205,MAG,32.700001,-20.160000,-31.980000
221079766127365,ACC,1.482056,-1.604164,9.847652
221079768127098,ACC,1.458113,-1.470085,9.914692
221079770126831,ACC,1.455719,-1.395862,9.921875
221079772126564,ACC,1.419805,-1.254600,9.912297
221079774126297,ACC,1.359948,-1.103761,9.857229
221079773666971,MAG,32.279999,-19.740000,-31.859999
221079776126097,ACC,1.328822,-1.017567,9.809344
221079778125830,ACC,1.278543,-0.861939,9.715967
221079780125563,ACC,1.256994,-0.665608,9.569917
221079782125296,ACC,1.254600,-0.567443,9.471751
221079784125029,ACC,1.292908,-0.256187,9.237112
221079783665737,MAG,31.980000,-19.799999,-31.859999
221079786124762,ACC,1.336005,-0.148445,9.138947
221079788124495,ACC,1.379102,-0.040703,9.064724
221079790124295,ACC,1.491633,0.186753,8.921068
221079792124095,ACC,1.599376,0.395055,8.748680
221079794123861,ACC,1.709512,0.569837,8.595447
221079793664470,MAG,32.459999,-19.920000,-32.340000
221079796123627,ACC,1.757398,0.648848,8.535589
221079798123393,ACC,1.826832,0.802082,8.439818
221079800123159,ACC,1.843592,0.864333,8.387145
221079802122925,ACC,1.845986,0.991230,8.279403
221079804122691,ACC,1.831620,1.106155,8.157294
221079803663270,MAG,32.399998,-20.340000,-32.520000
221079806122524,ACC,1.759792,1.175589,8.032792
221079808122357,ACC,1.707118,1.201926,7.989695
221079810122223,ACC,1.577827,1.256994,7.972935
221079812122089,ACC,1.431776,1.312063,8.008849
221079814121955,ACC,1.314457,1.328822,8.107015
221079813662170,MAG,32.820000,-20.760000,-32.759998
221079816121688,ACC,1.240234,1.350371,8.183631
221079818121554,ACC,1.110944,1.352765,8.375174
221079820121420,ACC,1.019961,1.352765,8.636149
221079822121320,ACC,0.976864,1.352765,8.810931
221079824121253,ACC,0.905036,1.347977,9.146130
221079823661070,MAG,32.520000,-20.580000,-33.119999
221079826121319,ACC,0.873910,1.347977,9.282603
221079828121252,ACC,0.799688,1.362342,9.553157
221079830121185,ACC,0.732648,1.355160,9.759064
221079832121118,ACC,0.696734,1.362342,9.854836
221079834121051,ACC,0.617723,1.391074,10.072714
221079833660036,MAG,32.340000,-19.980000,-33.299999
221079836120984,ACC,0.596174,1.410228,10.115811
221079838120984,ACC,0.577020,1.429382,10.156514
221079840120950,ACC,0.536318,1.477268,10.225947
221079842120916,ACC,0.531529,1.503605,10.292988
221079844120882,ACC,0.536318,1.549096,10.371999
221079843659036,MAG,32.160000,-19.500000,-32.880001
221079846120848,ACC,0.553077,1.565856,10.412702
221079848120814,ACC,0.569837,1.611347,10.501289
221079850120780,ACC,0.584203,1.632895,10.551569
221079852120780,ACC,0.639271,1.683175,10.642551
221079854120780,ACC,0.715888,1.719089,10.700014
221079853658036,MAG,32.160000,-18.600000,-32.700001
221079856120746,ACC,0.763774,1.733455,10.723957
221079858120712,ACC,0.804476,1.762186,10.704803
221079860120678,ACC,0.885882,1.810072,10.618608
221079862120644,ACC,0.998413,1.879506,10.534809
221079864120610,ACC,1.173195,1.929785,10.407912
221079863657036,MAG,32.579998,-18.299999,-32.520000
221079866120576,ACC,1.264177,1.960911,10.326508
221079868120542,ACC,1.491633,2.018374,10.151725
221079870120475,ACC,1.606558,2.039922,10.055954
221079872120408,ACC,1.831620,2.054288,9.869201
221079874120341,ACC,2.030345,2.056682,9.653716
221079873656102,MAG,32.880001,-18.359999,-32.520000
221079876120274,ACC,2.111750,2.056682,9.550762
221079878120207,ACC,2.207521,2.047105,9.356826
221079880120140,ACC,2.200339,2.025557,9.210775
221079882120106,ACC,2.178790,2.035134,9.148524
221079884120039,ACC,2.013585,2.047105,9.091062
221079883655168,MAG,33.299999,-17.879999,-32.880001
221079886119839,ACC,1.939363,2.092596,9.069513
221079888119705,ACC,1.853169,2.106962,9.071907
221079890119571,ACC,1.661627,2.145270,9.055147
221079892119437,ACC,1.453325,2.205127,9.016839
221079894119303,ACC,1.199532,2.233858,8.949800
221079893654234,MAG,33.719997,-17.760000,-33.119999
221079896119169,ACC,1.079818,2.243435,8.928250
221079898119035,ACC,0.888276,2.286532,8.885154
221079900118935,ACC,0.794899,2.293715,8.851634
221079902118768,ACC,0.629694,2.293715,8.820508
221079904118601,ACC,0.531529,2.315264,8.803748
221079903653234,MAG,33.779999,-17.340000,-33.360001
221079906118434,ACC,0.495615,2.327235,8.820508
221079908118267,ACC,0.502798,2.399063,8.877971
221079910118100,ACC,0.555472,2.487652,8.978531
221079912117900,ACC,0.663214,2.537931,9.126976
221079914117733,ACC,0.785322,2.772570,9.304152
221079913652300,MAG,34.139999,-16.680000,-33.239998
221079916117599,ACC,0.854756,2.873130,9.402317
221079918117399,ACC,1.012778,3.091009,9.579494
221079920117199,ACC,1.161223,3.347196,9.725544
221079922116999,ACC,1.230657,3.495641,9.751882
221079924116799,ACC,1.343188,3.802108,9.778218
221079923651366,MAG,33.959999,-16.260000,-33.480000
221079926116599,ACC,1.400651,3.945765,9.799767
221079928116399,ACC,1.489239,4.240261,9.852441
221079930116199,ACC,1.577827,4.508420,9.948212
221079932115999,ACC,1.618530,4.628133,10.034406
221079934115732,ACC,1.716695,4.834041,10.204399
221079933650366,MAG,33.660000,-15.719999,-33.899998
221079936115465,ACC,1.788523,5.006429,10.367210
221079938115198,ACC,1.836409,5.068680,10.470163
221079940114931,ACC,1.948940,5.174028,10.688043
221079942114664,ACC,2.083019,5.260222,10.905922
221079944114397,ACC,2.238647,5.322473,11.083098
221079943649432,MAG,33.480000,-15.480000,-33.899998
221079946114130,ACC,2.317658,5.351204,11.178869
221079948113930,ACC,2.478074,5.377541,11.348863
221079950113663,ACC,2.537931,5.401484,11.432662
221079952113396,ACC,2.660039,5.482889,11.593079
221079954113129,ACC,2.758204,5.545140,11.710398
221079953648498,MAG,33.000000,-15.059999,-34.020000
221079956112862,ACC,2.791724,5.566689,11.748707
221079958112595,ACC,2.827639,5.590631,11.822929
221079960112328,ACC,2.832427,5.619363,11.887574
221079962112128,ACC,2.844398,5.621757,11.889969
221079964111928,ACC,2.853976,5.545140,11.722369
221079963647564,MAG,33.239998,-14.520000,-34.200001
221079966111794,ACC,2.858764,5.499649,11.617022
221079968111527,ACC,2.875524,5.389513,11.356046
221079970111260,ACC,2.887496,5.334444,11.217177
221079972110993,ACC,2.918621,5.183605,10.932259
221079974110726,ACC,2.961718,4.996851,10.635368
221079973646630,MAG,33.419998,-14.219999,-34.139999
221079976110459,ACC,2.997632,4.884321,10.472558
221079978110259,ACC,3.081432,4.647287,10.154119
221079980110059,ACC,3.155654,4.403071,9.864412
221079982109792,ACC,3.191568,4.273780,9.720756
221079984109525,ACC,3.239454,4.046324,9.481328
221079983645696,MAG,34.320000,-13.559999,-34.739998
221079986109258,ACC,3.213117,3.840417,9.299363
221079988108991,ACC,3.177203,3.739857,9.217958
221079990108724,ACC,3.064672,3.553104,9.059936
221079992108457,ACC,2.877918,3.380716,8.928250
221079994108257,ACC,2.576240,3.251425,8.777411
221079993644762,MAG,34.559998,-13.320000,-35.040001
221079996107990,ACC,2.401458,3.198751,8.691217
221079998107723,ACC,2.027951,3.146077,8.475733
221080000107456,ACC,1.620924,3.114952,8.286585
221080002107189,ACC,1.438959,3.107769,8.207574
221080004106922,ACC,1.065452,3.129317,8.083072
221080003643828,MAG,34.680000,-12.960000,-35.099998
221080006106655,ACC,0.895459,3.131711,8.032792
221080008106388,ACC,0.634483,3.143683,7.927444
221080010106188,ACC,0.457306,3.179597,7.826884
221080012105921,ACC,0.392661,3.186780,7.819702
221080014105654,ACC,0.256187,3.170020,7.905895
221080013642828,MAG,35.040001,-11.940000,-35.340000
221080016105387,ACC,0.222668,3.158048,7.920261
221080018105120,ACC,0.172388,3.158048,7.939415
221080020104853,ACC,0.153234,3.193963,8.030397
221080022104586,ACC,0.131685,3.256214,8.145323
221080024104319,ACC,0.102954,3.344802,8.243488
221080023641894,MAG,34.680000,-11.219999,-34.980000
221080026103985,ACC,0.102954,3.390293,8.293768
221080028103718,ACC,0.148445,3.500430,8.391933
221080030103451,ACC,0.253793,3.615355,8.482916
221080032103184,ACC,0.320833,3.687183,8.511647
221080034102917,ACC,0.471672,3.864360,8.609812
221080033640960,MAG,35.040001,-10.559999,-35.399998
221080036102650,ACC,0.629694,4.029564,8.727132
221080038102383,ACC,0.694340,4.103787,8.808537
221080040102116,ACC,0.840390,4.228289,9.038387
221080042101916,ACC,0.957710,4.359974,9.270632
221080044101649,ACC,1.039115,4.517997,9.505271
221080043639960,MAG,34.919998,-10.080000,-35.579998
221080046101382,ACC,1.072635,4.573065,9.596253
221080048101148,ACC,1.144463,4.666441,9.742304
221080050100881,ACC,1.177983,4.733481,9.787795
221080052100614,ACC,1.223474,4.836435,9.794978
221080054100347,ACC,1.259389,4.936995,9.713573
221080053639026,MAG,34.439999,-9.900000,-36.119999
221080056100147,ACC,1.273754,4.968120,9.660899
221080058099947,ACC,1.271360,5.035160,9.510059
221080060099680,ACC,1.233052,5.087834,9.337671
221080062099413,ACC,1.204320,5.111777,9.265843
221080064099146,ACC,1.077424,5.130931,9.138947
221080063638092,MAG,34.500000,-9.599999,-36.779999
221080066098879,ACC,1.027144,5.106988,9.122187
221080068098612,ACC,0.984047,5.068680,9.115005
221080070098345,ACC,0.928979,5.018400,9.172467
221080072098145,ACC,0.919402,4.889109,9.237112
221080074097878,ACC,0.936161,4.714327,9.270632
221080073637092,MAG,34.139999,-9.059999,-36.779999
221080076097611,ACC,0.940950,4.608979,9.244295
221080078097344,ACC,0.897853,4.359974,9.110215
221080080097077,ACC,0.821236,4.079844,8.882759
221080082096810,ACC,0.763774,3.950553,8.755863
221080084096543,ACC,0.629694,3.711126,8.511647
221080083636158,MAG,34.380001,-8.460000,-37.079998
221080086096276,ACC,0.457306,3.514795,8.293768
221080088096076,ACC,0.361535,3.430996,8.205180
221080090095809,ACC,0.186753,3.299311,8.095043
221080092095542,ACC,0.050280,3.177203,8.056735
221080094095275,ACC,-0.057463,3.086220,8.085466
221080093635191,MAG,34.860001,-8.160000,-36.959999
221080096095008,ACC,-0.114925,3.047912,8.111803
221080098094741,ACC,-0.258582,2.980872,8.181237
221080100094474,ACC,-0.399844,2.928198,8.284191
221080102094207,ACC,-0.483644,2.906650,8.348836
221080104094007,ACC,-0.670397,2.856370,8.480521
221080103634224,MAG,34.739998,-7.440000,-36.899998
221080106093740,ACC,-0.751802,2.844398,8.549955
221080108093440,ACC,-0.928979,2.830033,8.693612
221080110093173,ACC,-1.077424,2.820456,8.856422
221080112092906,ACC,-1.139675,2.822850,8.949800
221080114092639,ACC,-1.252206,2.868341,9.273026
221080113633157,MAG,34.380001,-7.080000,-37.559998
221080116092372,ACC,-1.271360,2.904255,9.373586
221080118092105,ACC,-1.273754,2.942564,9.466963
221080120091905,ACC,-1.245023,3.016786,9.663293
221080122091638,ACC,-1.156435,3.095797,9.862018
221080124091371,ACC,-1.043904,3.134106,10.072714
221080123632023,MAG,33.599998,-6.840000,-38.040001
221080126091104,ACC,-0.969681,3.165231,10.168485
221080128090837,ACC,-0.794899,3.270579,10.216371
221080130090570,ACC,-0.646454,3.323253,10.156514
221080132090303,ACC,-0.596174,3.402265,10.168485
221080134090103,ACC,-0.579414,3.423813,10.348056
221080133630889,MAG,33.059998,-6.720000,-38.399998
221080136089903,ACC,-0.555472,3.524373,10.436644
221080138089636,ACC,-0.536318,3.596201,10.417490
221080140089369,ACC,-0.521952,3.720703,10.333690
221080142089102,ACC,-0.560260,3.723097,10.345661
221080144088835,ACC,-0.500403,3.780560,10.309748
221080143629722,MAG,32.279999,-6.960000,-38.459999
221080146088568,ACC,-0.438152,3.842811,10.161303
221080148088301,ACC,-0.339987,3.967313,9.730332
221080150088101,ACC,-0.311256,3.991256,9.538791
221080152087834,ACC,-0.304073,3.952948,9.249084
221080154087567,ACC,-0.323227,3.950553,8.997684
221080153628488,MAG,32.160000,-6.540000,-38.700001
221080156087300,ACC,-0.311256,3.967313,8.782200
221080158087033,ACC,-0.356747,3.991256,8.353624
221080160086766,ACC,-0.423787,3.969708,8.035186
221080162086499,ACC,-0.471672,3.943371,7.915473
221080164086232,ACC,-0.660820,3.794926,7.683228
221080163627288,MAG,32.219997,-6.420000,-38.520000
221080166086032,ACC,-0.756591,3.725492,7.616188
221080168085765,ACC,-0.854756,3.663240,7.580274
221080170085498,ACC,-1.089395,3.510007,7.616188
221080172085231,ACC,-1.376708,3.313676,7.685622
221080174084964,ACC,-1.673598,3.114952,7.764633
221080173626021,MAG,32.040001,-6.000000,-38.520000
221080176084697,ACC,-1.817255,3.002421,7.795759
221080178084430,ACC,-2.126116,2.767782,7.853221
221080180084163,ACC,-2.427795,2.549903,7.841250
221080182083963,ACC,-2.559480,2.454132,7.843644
221080184083696,ACC,-2.806090,2.260195,7.829278
221080183624687,MAG,32.219997,-5.640000,-38.700001
221080186083429,ACC,-2.949747,2.195550,7.826884
221080188083162,ACC,-2.988055,2.116539,7.843644
221080190082895,ACC,-2.985661,2.104568,7.903501
221080192082628,ACC,-2.880313,2.135693,8.020821
221080194082361,ACC,-2.691165,2.233858,8.176449
221080193623420,MAG,32.279999,-5.640000,-38.399998
221080196082094,ACC,-2.559480,2.291321,8.269825
221080198081894,ACC,-2.274561,2.418218,8.533195
221080200081627,ACC,-2.128510,2.485257,8.712766
221080202081360,ACC,-1.831620,2.616942,9.172467
221080204081093,ACC,-1.592193,2.748627,9.627379
221080203622153,MAG,32.160000,-5.280000,-38.579998
221080206080826,ACC,-1.489239,2.813273,9.838076
221080208080559,ACC,-1.391074,2.942564,10.211582
221080210080292,ACC,-1.405439,3.093403,10.513261
221080212080092,ACC,-1.426988,3.174809,10.637763
221080214079892,ACC,-1.577827,3.378322,10.934653
221080213620886,MAG,32.099998,-5.100000,-38.579998
221080216079625,ACC,-1.673598,3.598595,11.011270
221080218079358,ACC,-1.778946,3.727886,11.075915
221080220079091,ACC,-1.960911,4.022382,11.241120
221080222078824,ACC,-2.116539,4.333637,11.387171
221080224078557,ACC,-2.224281,4.668836,11.585896
221080223619619,MAG,31.500000,-5.100000,-38.820000
221080226078290,ACC,-2.276955,4.834041,11.696033
221080228078090,ACC,-2.341601,5.138114,11.899546
221080230077890,ACC,-2.387092,5.288953,12.002500
221080232077623,ACC,-2.437372,5.547535,12.220379
221080234077356,ACC,-2.389486,5.803722,12.452623
221080233618352,MAG,31.439999,-5.040000,-39.000000
221080236077089,ACC,-2.315264,5.930619,12.538817
221080238076822,ACC,-2.257801,6.141315,12.634588
221080240076555,ACC,-2.126116,6.311308,12.629800
221080242076288,ACC,-2.006402,6.426234,12.605857
221080244076088,ACC,-1.865140,6.474119,12.622617
221080243617085,MAG,31.080000,-4.980000,-39.180000
221080246075821,ACC,-1.800495,6.476513,12.632194
221080248075554,ACC,-1.711906,6.414262,12.627405
221080250075287,ACC,-1.680781,6.368771,12.584309
221080252075020,ACC,-1.666415,6.196383,12.452623
221080254074753,ACC,-1.774158,5.976110,12.268264
221080253615818,MAG,30.719999,-4.200000,-39.599998
221080256074486,ACC,-1.865140,5.844425,12.189253
221080258074219,ACC,-2.092596,5.578660,12.021654
221080260074019,ACC,-2.418218,5.284164,11.834900
221080262073752,ACC,-2.588211,5.138114,11.760678
221080264073485,ACC,-2.909044,4.881927,11.638570
221080263614484,MAG,30.660000,-4.140000,-39.540001
221080266073218,ACC,-3.179597,4.630527,11.492519
221080268072951,ACC,-3.292128,4.496448,11.406325
221080270072684,ACC,-3.481276,4.221107,11.207601
221080272072417,ACC,-3.615355,3.964919,10.884374
221080274072150,ACC,-3.706337,3.720703,10.565935
221080273613217,MAG,30.299999,-3.720000,-39.419998
221080276071950,ACC,-3.727886,3.615355,10.419884
221080278071716,ACC,-3.739857,3.447756,10.168485
221080280071482,ACC,-3.699155,3.337619,9.972155
221080282071248,ACC,-3.646481,3.304099,9.876384
221080284071014,ACC,-3.493247,3.275368,9.684841
221080283611983,MAG,30.059999,-3.600000,-39.360001
221080286070780,ACC,-3.390293,3.272974,9.601042
221080288070546,ACC,-3.124529,3.332830,9.440625
221080290070312,ACC,-2.770176,3.409447,9.280210
221080292070145,ACC,-2.415823,3.445361,9.079090
221080294069911,ACC,-2.080625,3.567469,8.885154
221080293610683,MAG,29.879999,-4.200000,-39.419998
221080296069711,ACC,-1.910631,3.612961,8.786988
221080298069477,ACC,-1.601770,3.656058,8.593052
221080300069243,ACC,-1.369525,3.660846,8.480521
221080302069009,ACC,-1.268966,3.651269,8.293768
221080304068775,ACC,-1.110944,3.617749,8.169266
221080303609449,MAG,30.000000,-3.720000,-39.779999
221080306068608,ACC,-1.048692,3.586624,8.126168
221080308068441,ACC,-0.960104,3.510007,8.123775
221080310068207,ACC,-0.888276,3.442967,8.195602
221080312067973,ACC,-0.847573,3.404659,8.238700
221080314067739,ACC,-0.787716,3.342408,8.365596
221080313608215,MAG,30.179998,-4.260000,-40.200001
221080316067505,ACC,-0.770957,3.265791,8.447001
221080318067271,ACC,-0.773351,3.241848,8.470944
221080320067037,ACC,-0.782928,3.227483,8.463761
221080322066870,ACC,-0.833208,3.229877,8.413482
221080324066636,ACC,-0.888276,3.275368,8.336864
221080323606915,MAG,30.359999,-4.320000,-39.840000
221080326066402,ACC,-0.926584,3.296916,8.286585
221080328066168,ACC,-1.034327,3.366350,8.188420
221080330065934,ACC,-1.101366,3.399870,8.142929
221080332065700,ACC,-1.216292,3.452544,8.059129
221080334065466,ACC,-1.383891,3.500430,8.025609
221080333605681,MAG,30.660000,-3.900000,-40.139999
221080336065299,ACC,-1.484450,3.517190,8.008849
221080338065099,ACC,-1.733455,3.519584,8.039975
221080340064832,ACC,-2.054288,3.466910,8.133351
221080342064565,ACC,-2.260195,3.428602,8.183631
221080344064298,ACC,-3.081432,3.237060,8.356019
221080343604447,MAG,30.599998,-4.020000,-39.899998
221080346064031,ACC,-3.402265,3.170020,8.411087
221080348063764,ACC,-4.082239,3.086220,8.540379
221080350063497,ACC,-4.407860,2.942564,8.605023
221080352063230,ACC,-5.025583,2.801301,8.746285
221080354063030,ACC,-5.616969,2.688771,8.892337
221080353603213,MAG,30.059999,-3.600000,-39.899998
221080356062730,ACC,-5.856396,2.636096,8.964165
221080358062463,ACC,-6.182017,2.578634,9.107821
221080360062196,ACC,-6.340040,2.542720,9.205987
221080362061929,ACC,-6.378348,2.523566,9.251478
221080364061662,ACC,-6.354405,2.516383,9.328094
221080363601979,MAG,29.760000,-3.720000,-40.320000
221080366061395,ACC,-6.201172,2.573845,9.373586
221080368061128,ACC,-6.079064,2.614548,9.402317
221080370060928,ACC,-5.770202,2.695953,9.440625
221080372060661,ACC,-5.439792,2.818061,9.502876
221080374060394,ACC,-5.063891,2.954535,9.524426
221080373600745,MAG,29.699999,-3.900000,-39.959999
221080376060127,ACC,-4.872349,3.007209,9.550762
221080378059860,ACC,-4.467717,3.141289,9.584282
221080380059593,ACC,-4.268992,3.220300,9.615408
221080382059293,ACC,-3.893091,3.354379,9.682447
221080384059093,ACC,-3.533950,3.510007,9.725544
221080383599511,MAG,29.580000,-3.900000,-40.619999
221080386058893,ACC,-3.354379,3.579441,9.754275
221080388058626,ACC,-3.019181,3.708732,9.828498
221080390058359,ACC,-2.724685,3.852388,9.907509
221080392058092,ACC,-2.581028,3.929005,9.938635
221080394057825,ACC,-2.183579,4.180404,10.012857
221080393598277,MAG,30.059999,-3.900000,-40.439999
221080396057491,ACC,-2.061471,4.266598,10.020041
221080398057224,ACC,-1.867534,4.348003,10.027223
221080400057024,ACC,-1.778946,4.472506,10.012857
221080402056757,ACC,-1.656838,4.594614,10.003280
221080404056490,ACC,-1.563461,4.709538,10.048771
221080403596977,MAG,29.879999,-3.780000,-40.619999
221080406056190,ACC,-1.517970,4.750241,10.082292
221080408055923,ACC,-1.446142,4.798127,10.130177
221080410055656,ACC,-1.376708,4.838830,10.185245
221080412055389,ACC,-1.333611,4.836435,10.221159
221080414055122,ACC,-1.221080,4.805310,10.273833
221080413595743,MAG,29.219999,-4.020000,-40.739998
221080416054922,ACC,-1.106155,4.767001,10.312141
221080418054655,ACC,-1.041510,4.726298,10.328901
221080420054388,ACC,-0.893064,4.623344,10.350450
221080422054121,ACC,-0.730254,4.491660,10.388759
221080424053854,ACC,-0.605752,4.314483,10.417490
221080423594509,MAG,29.219999,-3.180000,-40.259998
221080426053587,ACC,-0.569837,4.218712,10.407912
221080428053320,ACC,-0.577020,3.967313,10.292988
221080430053053,ACC,-0.636877,3.833234,10.197216
221080432052853,ACC,-0.873910,3.569864,9.974549
221080434052586,ACC,-1.247417,3.325648,9.718362
221080433593209,MAG,28.920000,-3.300000,-40.439999
221080436052486,ACC,-1.494027,3.210722,9.593859
221080438052219,ACC,-2.004008,2.997632,9.383162
221080440051952,ACC,-2.533143,2.813273,9.189227
221080442051718,ACC,-2.784542,2.739050,9.091062
221080444051451,ACC,-3.459727,2.569057,8.913885
221080443591975,MAG,29.160000,-3.300000,-40.680000
221080446051184,ACC,-3.656058,2.521171,8.897125
221080448050984,ACC,-3.830840,2.485257,8.904308
221080450050717,ACC,-4.130124,2.437372,8.992896
221080452050450,ACC,-4.371946,2.446949,9.105427
221080454050183,ACC,-4.561093,2.480469,9.194016
221080453590741,MAG,29.580000,-3.240000,-40.739998
221080456049916,ACC,-4.647287,2.518777,9.234718
221080458049649,ACC,-4.788549,2.621731,9.304152
221080460049382,ACC,-4.917840,2.751022,9.378374
221080462049182,ACC,-4.992063,2.822850,9.421472
221080464048982,ACC,-5.118959,2.978478,9.560339
221080463589507,MAG,29.279999,-3.660000,-40.919998
221080466048748,ACC,-5.190788,3.181991,9.737515
221080468048481,ACC,-5.202759,3.280156,9.821315
221080470048214,ACC,-5.188394,3.471699,10.027223
221080472047947,ACC,-5.145297,3.682395,10.252285
221080474047680,ACC,-5.051920,3.881119,10.460587
221080473588273,MAG,29.400000,-3.240000,-40.980000
221080476047546,ACC,-4.980092,3.976891,10.558752
221080478047346,ACC,-4.810098,4.168432,10.738322
221080480047146,ACC,-4.582642,4.297723,10.870008
221080482046879,ACC,-4.450957,4.357580,10.898739
221080484046612,ACC,-4.170827,4.467717,10.946625
221080483587039,MAG,29.400000,-3.240000,-40.860001
221080486046512,ACC,-4.027170,4.529968,10.953807
221080488046245,ACC,-3.715914,4.608979,10.963385
221080490045978,ACC,-3.409447,4.661653,10.958596
221080492045711,ACC,-3.253819,4.676019,10.956202
221080494045511,ACC,-2.815667,4.692779,10.910710
221080493585805,MAG,29.580000,-3.060000,-40.559998
221080496045077,ACC,-2.693559,4.685596,10.915499
221080498044810,ACC,-2.583422,4.685596,10.934653
221080500044543,ACC,-2.408640,4.652076,10.980145
221080502044276,ACC,-2.272167,4.570671,11.032818
221080504044009,ACC,-2.178790,4.472506,11.059155
221080503584571,MAG,29.580000,-3.240000,-40.259998
221080506043742,ACC,-2.133299,4.412649,11.071127
221080508043475,ACC,-2.049499,4.278569,11.054367
221080510043275,ACC,-1.989642,4.209135,11.032818
221080512043008,ACC,-1.965700,4.070267,10.982538
221080514042741,ACC,-1.903448,3.926611,10.915499
221080513583271,MAG,29.219999,-3.300000,-40.439999
221080516042474,ACC,-1.814860,3.821263,10.846065
221080518042207,ACC,-1.745426,3.775771,10.805362
221080520041940,ACC,-1.604164,3.720703,10.707197
221080522041673,ACC,-1.436565,3.682395,10.630580
221080524041406,ACC,-1.280937,3.648875,10.551569
221080523582037,MAG,29.400000,-3.240000,-40.320000
221080526041206,ACC,-1.201926,3.632115,10.532414
221080528040939,ACC,-1.070241,3.617749,10.501289
221080530040672,ACC,-1.017567,3.596201,10.465375
221080532040405,ACC,-0.945739,3.521978,10.417490
221080534040138,ACC,-0.909824,3.452544,10.369604
221080533580803,MAG,29.160000,-3.120000,-40.919998
221080536039771,ACC,-0.902642,3.416630,10.348056
221080538039504,ACC,-0.917007,3.318465,10.281016
221080540039237,ACC,-0.917007,3.205934,10.199611
221080542039037,ACC,-0.931373,3.143683,10.154119
221080544038770,ACC,-1.012778,2.956929,9.998491
221080543579503,MAG,29.219999,-3.180000,-41.099998
221080546038336,ACC,-1.029538,2.885101,9.938635
221080548038036,ACC,-1.055875,2.815667,9.857229
221080550037769,ACC,-1.146858,2.652857,9.747093
221080552037502,ACC,-1.264177,2.497229,9.644139
221080554037235,ACC,-1.436565,2.293715,9.524426
221080553578269,MAG,29.639999,-3.540000,-40.799999
221080556037035,ACC,-1.539519,2.202733,9.459780
221080558036835,ACC,-1.757398,2.015979,9.342461
221080560036568,ACC,-1.881900,1.932180,9.268238
221080562036301,ACC,-2.212310,1.781340,9.105427
221080564036034,ACC,-2.593000,1.623318,8.959376
221080563577035,MAG,29.580000,-3.780000,-41.040001
221080566035767,ACC,-2.973689,1.565856,8.813326
221080568035500,ACC,-3.148471,1.462902,8.760652
221080570035233,ACC,-3.454939,1.391074,8.619390
221080572035033,ACC,-3.711126,1.324034,8.494887
221080574034766,ACC,-3.897879,1.278543,8.391933
221080573575735,MAG,29.879999,-4.260000,-40.799999
221080576034599,ACC,-3.964919,1.252206,8.351231
221080578034332,ACC,-4.084633,1.221080,8.310528
221080580034065,ACC,-4.132518,1.213897,8.308133
221080582033798,ACC,-4.206741,1.216292,8.356019
221080584033531,ACC,-4.292935,1.213897,8.430242
221080583574468,MAG,30.000000,-4.500000,-40.919998
221080586033264,ACC,-4.295329,1.230657,8.490098
221080588033064,ACC,-4.280963,1.252206,8.664881
221080590032797,ACC,-4.247444,1.288120,8.851634
221080592032530,ACC,-4.228289,1.309668,8.964165
221080594032263,ACC,-4.139701,1.328822,9.160496
221080593573201,MAG,30.179998,-5.220000,-40.919998
221080596031963,ACC,-4.094210,1.357554,9.347249
221080598031696,ACC,-4.039142,1.379102,9.421472
221080600031429,ACC,-3.933794,1.410228,9.524426
221080602031162,ACC,-3.802108,1.455719,9.596253
221080604030962,ACC,-3.610566,1.529942,9.615408
221080603571934,MAG,30.119999,-5.580000,-40.680000
221080606030695,ACC,-3.507613,1.568250,9.620196
221080608030461,ACC,-3.299311,1.642473,9.591465
221080610030194,ACC,-3.189174,1.666415,9.555551
221080612029927,ACC,-2.956929,1.735849,9.471751
221080614029660,ACC,-2.741445,1.817255,9.328094
221080613570667,MAG,30.119999,-6.120000,-40.320000
221080616029393,ACC,-2.638491,1.836409,9.251478
221080618029126,ACC,-2.461314,1.872323,9.095850
221080620028926,ACC,-2.317658,1.891477,8.949800
221080622028659,ACC,-2.205127,1.896266,8.830086
221080624028392,ACC,-2.114145,1.860352,8.698400
221080623569400,MAG,30.420000,-6.540000,-40.379997
221080626028125,ACC,-2.087808,1.836409,8.631361
221080628027858,ACC,-2.080625,1.757398,8.502069
221080630027591,ACC,-2.063865,1.697541,8.449396
221080632027324,ACC,-2.051893,1.604164,8.389539
221080634027124,ACC,-2.073442,1.494027,8.344048
221080633568133,MAG,30.059999,-6.240000,-40.020000
221080636026824,ACC,-2.083019,1.446142,8.341654
221080638026557,ACC,-2.114145,1.326428,8.341654
221080640026290,ACC,-2.150059,1.194743,8.360807
221080642026023,ACC,-2.171607,1.137281,8.363202
221080644025756,ACC,-2.231464,1.029538,8.353624
221080643566866,MAG,30.299999,-6.540000,-39.599998
221080646025489,ACC,-2.298504,0.938556,8.353624
221080648025222,ACC,-2.334418,0.902642,8.358414
221080650025022,ACC,-2.425400,0.833208,8.367990
221080652024755,ACC,-2.528354,0.806871,8.384750
221080654024488,ACC,-2.609760,0.816448,8.423059
221080653565532,MAG,30.359999,-6.480000,-39.779999
221080656024221,ACC,-2.638491,0.809265,8.470944
221080658023954,ACC,-2.664828,0.792505,8.559532
221080660023687,ACC,-2.645674,0.768562,8.593052
221080662023420,ACC,-2.619337,0.735042,8.621783
221080664023153,ACC,-2.578634,0.682368,8.696006
221080663564265,MAG,30.539999,-6.900000,-39.119999
221080666022953,ACC,-2.561874,0.646454,8.753469
221080668022686,ACC,-2.499623,0.584203,8.897125
221080670022419,ACC,-2.468497,0.538712,9.074302
221080672022152,ACC,-2.437372,0.507586,9.167678
221080674021885,ACC,-2.434978,0.464489,9.466963
221080673562998,MAG,30.900000,-7.380000,-39.360001
221080676021618,ACC,-2.420612,0.459701,9.562734
221080678021351,ACC,-2.365544,0.466884,9.692024
221080680021084,ACC,-2.339206,0.474066,9.742304
221080682020884,ACC,-2.250618,0.500403,9.766247
221080684020650,ACC,-2.152453,0.541106,9.771035
221080683561698,MAG,31.199999,-7.860000,-39.540001
221080686020416,ACC,-2.114145,0.565049,9.785401
221080688020182,ACC,-2.056682,0.622511,9.802161
221080690019948,ACC,-2.020768,0.696734,9.816526
221080692019714,ACC,-2.023162,0.737437,9.845258
221080694675320,ACC,-2.011191,0.792505,9.881172
221080694075320,MAG,31.619999,-8.220000,-39.059998
221080696675086,ACC,-1.984854,0.849968,9.938635
221080698674919,ACC,-1.963305,0.869122,9.960183
221080700674685,ACC,-1.903448,0.919402,9.996098
221080702674451,ACC,-1.822043,0.948133,10.024829
221080704674217,ACC,-1.757398,0.967287,10.015251
221080704074086,MAG,31.619999,-8.040000,-38.939999
221080706673983,ACC,-1.719089,0.981653,9.998491
221080708673749,ACC,-1.652050,0.988836,9.957788
221080710673515,ACC,-1.632895,0.976864,9.921875
221080712673348,ACC,-1.608953,0.948133,9.876384
221080714673181,ACC,-1.596981,0.902642,9.847652
221080714072852,MAG,31.740000,-8.040000,-39.000000
221080716672947,ACC,-1.596981,0.866727,9.811738
221080718672713,ACC,-1.620924,0.797293,9.771035
221080720672479,ACC,-1.642473,0.708705,9.756670
221080722672245,ACC,-1.640078,0.651243,9.756670
221080724672011,ACC,-1.654444,0.471672,9.715967
221080724071618,MAG,31.559999,-7.800000,-38.759998
221080726671777,ACC,-1.661627,0.414210,9.701602
221080728671610,ACC,-1.673598,0.351958,9.718362
221080730671443,ACC,-1.675992,0.253793,9.744699
221080732671209,ACC,-1.697541,0.167599,9.797373
221080734670975,ACC,-1.709512,0.071828,9.852441
221080734070384,MAG,31.379999,-7.980000,-38.879997
221080736670741,ACC,-1.707118,0.028731,9.871595
221080738670507,ACC,-1.707118,-0.057463,9.905115
221080740670273,ACC,-1.690358,-0.143656,9.919480
221080742670039,ACC,-1.673598,-0.186753,9.919480
221080744669839,ACC,-1.644867,-0.268159,9.895537
221080744069150,MAG,31.379999,-8.220000,-38.820000
221080746669572,ACC,-1.623318,-0.347170,9.885961
221080748669305,ACC,-1.611347,-0.378295,9.852441
221080750669038,ACC,-1.573039,-0.411815,9.744699
221080752668771,ACC,-1.553884,-0.438152,9.646533
221080754668471,ACC,-1.546702,-0.476461,9.553157
221080754067916,MAG,31.799999,-8.220000,-38.219997
221080756668204,ACC,-1.532336,-0.495615,9.531608
221080758667937,ACC,-1.503605,-0.545895,9.522031
221080760667737,ACC,-1.496422,-0.584203,9.545974
221080762667470,ACC,-1.443748,-0.644060,9.586677
221080764667203,ACC,-1.391074,-0.739831,9.641745
221080764066616,MAG,32.219997,-8.099999,-38.160000
221080766666936,ACC,-1.357554,-0.797293,9.670476
221080768666669,ACC,-1.285726,-0.849968,9.696813
221080770666402,ACC,-1.218686,-0.864333,9.730332
221080772666135,ACC,-1.173195,-0.854756,9.720756
221080774665868,ACC,-1.075029,-0.821236,9.644139
221080774065382,MAG,32.279999,-7.980000,-38.160000
221080776665668,ACC,-1.067847,-0.797293,9.608225
221080778665401,ACC,-1.065452,-0.766168,9.565128
221080780665134,ACC,-1.063058,-0.682368,9.502876
221080782664867,ACC,-1.079818,-0.641666,9.483723
221080784664600,ACC,-1.094184,-0.553077,9.536397
221080784064148,MAG,32.700001,-8.040000,-38.040001
221080786664333,ACC,-1.122915,-0.519558,9.562734
221080788664066,ACC,-1.187560,-0.469278,9.653716
221080790663799,ACC,-1.273754,-0.404632,9.794978
221080792663599,ACC,-1.316851,-0.380690,9.878778
221080794663332,ACC,-1.441353,-0.366324,10.051166
221080794062848,MAG,32.279999,-8.220000,-38.099998
221080796663065,ACC,-1.553884,-0.371113,10.211582
221080798662798,ACC,-1.611347,-0.371113,10.290593
221080800662531,ACC,-1.738243,-0.373507,10.453403
221080802662264,ACC,-1.857957,-0.375901,10.575512
221080804661997,ACC,-1.972882,-0.385478,10.678466
221080804061614,MAG,32.340000,-8.460000,-37.860001
221080806661797,ACC,-2.015979,-0.385478,10.714379
221080808661597,ACC,-2.063865,-0.404632,10.731140
221080810661330,ACC,-2.080625,-0.418998,10.714379
221080812661063,ACC,-2.109356,-0.442941,10.666494
221080814660796,ACC,-2.138088,-0.447729,10.587483
221080814060380,MAG,32.040001,-7.980000,-37.500000
221080816660529,ACC,-2.162030,-0.462095,10.541992
221080818660262,ACC,-2.123722,-0.471672,10.474953
221080820659995,ACC,-2.056682,-0.452518,10.419884
221080822659795,ACC,-2.018374,-0.452518,10.403124
221080824659528,ACC,-1.824437,-0.478855,10.319324
221080824059080,MAG,31.859999,-7.800000,-37.559998
221080826659261,ACC,-1.743032,-0.488432,10.297776
221080828658994,ACC,-1.659232,-0.512375,10.276228
221080830658727,ACC,-1.501210,-0.541106,10.249890
221080832658460,ACC,-1.403045,-0.569837,10.254679
221080834658193,ACC,-1.302485,-0.596174,10.297776
221080834057846,MAG,31.980000,-7.800000,-37.739998
221080836657926,ACC,-1.259389,-0.600963,10.352844
221080838657726,ACC,-1.235446,-0.596174,10.479741
221080840657459,ACC,-1.288120,-0.560260,10.621003
221080842657192,ACC,-1.319245,-0.538712,10.697619
221080844656925,ACC,-1.410228,-0.440547,10.858036
221080844056612,MAG,31.859999,-7.620000,-38.279999
221080846656658,ACC,-1.472479,-0.320833,11.013664
221080848656391,ACC,-1.491633,-0.263370,11.099858
221080850656124,ACC,-1.482056,-0.134079,11.255486
221080852655857,ACC,-1.453325,0.000000,11.334496
221080854655657,ACC,-1.400651,0.105348,11.389565
221080854055378,MAG,32.639999,-8.099999,-38.219997
221080856655423,ACC,-1.371920,0.167599,11.418297
221080858655156,ACC,-1.295303,0.272947,11.456605
221080860654889,ACC,-1.254600,0.306467,11.475760
221080862654622,ACC,-1.187560,0.332804,11.528433
221080864654355,ACC,-1.170800,0.349564,11.595473
221080864054144,MAG,32.520000,-8.160000,-38.219997
221080866654088,ACC,-1.166012,0.354353,11.624205
221080868653821,ACC,-1.221080,0.342381,11.674484
221080870653621,ACC,-1.340794,0.296890,11.700821
221080872653354,ACC,-1.417411,0.263370,11.719975
221080874653087,ACC,-1.692752,0.158022,11.858843
221080874052910,MAG,32.579998,-8.280000,-38.099998
221080876652820,ACC,-1.766975,0.124502,11.923489
221080878652553,ACC,-1.831620,0.088588,11.985740
221080880652286,ACC,-1.920208,0.026337,12.100665
221080882652019,ACC,-1.956123,-0.009577,12.234744
221080884651819,ACC,-1.922603,-0.067040,12.347275
221080884051676,MAG,32.520000,-8.220000,-38.099998
221080886651619,ACC,-1.886689,-0.086194,12.397555
221080888651385,ACC,-1.786129,-0.114925,12.443047
221080890651151,ACC,-1.666415,-0.117319,12.431075
221080892650917,ACC,-1.594587,-0.114925,12.356853
221080894650683,ACC,-1.426988,-0.117319,12.261082
221080894050476,MAG,31.920000,-8.220000,-38.459999
221080896650449,ACC,-1.302485,-0.102954,12.146156
221080898650215,ACC,-1.247417,-0.057463,12.105453
221080900650048,ACC,-1.189955,-0.002394,12.014471
221080902649881,ACC,-1.156435,0.088588,11.942643
221080904649681,ACC,-1.149252,0.201119,11.854054
221080904049242,MAG,31.920000,-8.639999,-39.000000
221080906649481,ACC,-1.146858,0.258582,11.820535
221080908649281,ACC,-1.125309,0.361535,11.741524
221080910649081,ACC,-1.134886,0.409421,11.693638
221080912648881,ACC,-1.168406,0.495615,11.605050
221080914648681,ACC,-1.163618,0.598569,11.509279
221080914048075,MAG,31.859999,-8.460000,-39.119999
221080916648514,ACC,-1.144463,0.636877,11.470970
221080918648380,ACC,-1.063058,0.706311,11.368017
221080920648246,ACC,-0.996018,0.735042,11.300977
221080922648112,ACC,-0.967287,0.725465,11.274640
221080924647978,ACC,-0.931373,0.672791,11.186052
221080924046975,MAG,31.740000,-8.639999,-38.759998
221080926647844,ACC,-0.952921,0.610540,11.154926
221080928647710,ACC,-0.991230,0.567443,11.128590
221080930647576,ACC,-1.075029,0.450124,11.066339
221080932647509,ACC,-1.201926,0.311256,11.011270
221080934647375,ACC,-1.367131,0.138868,10.980145
221080934045808,MAG,31.799999,-8.820000,-38.700001
221080936647241,ACC,-1.465296,0.050280,10.960990
221080938647107,ACC,-1.649655,-0.134079,10.889162
221080940646973,ACC,-1.726272,-0.213090,10.838882
221080942646839,ACC,-1.874717,-0.399844,10.700014
221080944646705,ACC,-1.970488,-0.536318,10.503684
221080944044708,MAG,31.559999,-9.120000,-38.579998
221080946646571,ACC,-2.011191,-0.593780,10.383970
221080948646471,ACC,-2.023162,-0.701523,10.046377
221080950646304,ACC,-2.001614,-0.770957,9.694419
221080952646137,ACC,-1.958517,-0.811659,9.354432
221080954645970,ACC,-1.898660,-0.847573,9.050359
221080954043608,MAG,31.740000,-9.300000,-38.099998
221080956645803,ACC,-1.857957,-0.849968,8.909097
221080958645636,ACC,-1.812466,-0.873910,8.650515
221080960645469,ACC,-1.774158,-0.883487,8.463761
221080962645302,ACC,-1.776552,-0.902642,8.379962
221080964645168,ACC,-1.822043,-0.917007,8.279403
221080964042508,MAG,31.799999,-9.780000,-38.040001
221080966644968,ACC,-1.853169,-0.914613,8.253065
221080968644768,ACC,-1.936968,-0.909824,8.226728
221080970644568,ACC,-2.025557,-0.900247,8.221940
221080972644368,ACC,-2.080625,-0.881093,8.214757
221080974644168,ACC,-2.164424,-0.830813,8.188420
221080974041408,MAG,31.799999,-10.440000,-38.099998
221080976643968,ACC,-2.253013,-0.754197,8.121380
221080978643768,ACC,-2.293715,-0.715888,8.080677
221080980643568,ACC,-2.367938,-0.627300,7.989695
221080982643301,ACC,-2.420612,-0.524346,7.869981
221080984643034,ACC,-2.470892,-0.407027,7.805336
221080984040274,MAG,32.040001,-10.320000,-37.799999
221080986642767,ACC,-2.504411,-0.354353,7.764633
221080988642500,ACC,-2.537931,-0.239427,7.726325
221080990642233,ACC,-2.552297,-0.203513,7.699988
221080992641966,ACC,-2.576240,-0.150839,7.671257
221080994641766,ACC,-2.619337,-0.114925,7.635343
221080994039107,MAG,31.439999,-11.280000,-37.799999
221080996641499,ACC,-2.631308,-0.102954,7.632948
221080998641232,ACC,-2.648068,-0.102954,7.628160
221081000640965,ACC,-2.633702,-0.119714,7.625765
221081002640698,ACC,-2.607365,-0.138868,7.683228
221081004640431,ACC,-2.588211,-0.177176,7.735902
221081004037973,MAG,31.379999,-11.580000,-37.799999
221081006640164,ACC,-2.576240,-0.196331,7.771816
221081008639897,ACC,-2.528354,-0.227456,7.846038
221081010639697,ACC,-2.513988,-0.241822,7.879559
221081012639430,ACC,-2.475680,-0.268159,7.922655
221081014639163,ACC,-2.437372,-0.311256,7.953781
221081014036773,MAG,31.260000,-11.580000,-37.619999
221081016638896,ACC,-2.396669,-0.344776,7.984907
221081018638629,ACC,-2.322447,-0.430969,8.023215
221081020638362,ACC,-2.250618,-0.514769,8.054340
221081022638095,ACC,-2.207521,-0.562655,8.078283
221081024637828,ACC,-2.128510,-0.675186,8.133351
221081024035639,MAG,31.320000,-11.940000,-37.559998
221081026637628,ACC,-2.063865,-0.780534,8.178843
221081028637361,ACC,-2.044711,-0.837996,8.202785
221081030637094,ACC,-2.018374,-0.931373,8.281796
221081032636827,ACC,-2.013585,-1.005595,8.360807
221081034636560,ACC,-2.042316,-1.075029,8.463761
221081034034505,MAG,31.619999,-11.820000,-37.860001
221081036636293,ACC,-2.078231,-1.113338,8.518829
221081038636026,ACC,-2.157242,-1.134886,8.624178
221081040635759,ACC,-2.212310,-1.142069,8.681641
221081042635559,ACC,-2.300898,-1.137281,8.794171
221081044635292,ACC,-2.382303,-1.087001,8.971348
221081044033305,MAG,31.379999,-12.000000,-37.980000
221081046635025,ACC,-2.420612,-1.046298,9.064724
221081048634758,ACC,-2.449343,-0.962498,9.263450
221081050634491,ACC,-2.456526,-0.814053,9.507666
221081052634224,ACC,-2.444555,-0.737437,9.641745
221081054633957,ACC,-2.343995,-0.442941,10.065532
221081054032171,MAG,31.080000,-12.240000,-37.680000
221081056633757,ACC,-2.291321,-0.335198,10.223554
221081058633557,ACC,-2.109356,-0.225062,10.561146
221081060633290,ACC,-2.008796,0.011971,10.723957
221081062633023,ACC,-1.747821,0.222668,11.004087
221081064632756,ACC,-1.443748,0.409421,11.056761
221081064031037,MAG,30.660000,-12.780000,-37.680000
221081066632489,ACC,-1.280937,0.536318,11.128590
221081068632222,ACC,-0.960104,0.756591,11.511673
221081070631955,ACC,-0.612934,0.845179,11.873209
221081072631755,ACC,-0.440547,0.869122,11.976163
221081074631488,ACC,-0.112531,0.881093,12.122213
221081074029837,MAG,30.240000,-13.259999,-37.680000
221081076631221,ACC,0.158022,0.835602,12.076722
221081078630954,ACC,0.268159,0.828419,11.973768
221081080630687,ACC,0.390267,0.816448,12.220379
221081082630420,ACC,0.445335,0.660820,12.342486
221081084630153,ACC,0.430969,0.490826,12.155733
221081084028703,MAG,30.240000,-13.259999,-37.739998
221081086629886,ACC,0.407027,0.421392,11.985740
221081088629686,ACC,0.361535,0.289707,11.581107
221081090629419,ACC,0.330410,0.244216,11.339286
221081092629152,ACC,0.263370,0.165205,10.870008
221081094628885,ACC,0.186753,0.088588,10.419884
221081094027569,MAG,30.539999,-13.559999,-37.980000
221081096628618,ACC,0.134079,0.064645,10.213976
221081098628351,ACC,0.038308,0.028731,9.847652
221081100628084,ACC,-0.107742,-0.052674,9.534002
221081102627817,ACC,-0.201119,-0.090982,9.385557
221081104627617,ACC,-0.565049,-0.201119,8.911490
221081104026435,MAG,30.660000,-13.500000,-37.860001
221081106627350,ACC,-0.711100,-0.253793,8.746285
221081108627083,ACC,-1.067847,-0.306467,8.595447
221081110626816,ACC,-1.254600,-0.435758,8.310528
221081112626549,ACC,-1.654444,-0.581809,8.061523
221081114626282,ACC,-2.085413,-0.730254,7.891530
221081114025301,MAG,31.379999,-13.559999,-37.380001
221081116626015,ACC,-2.288927,-0.816448,7.831673
221081118625748,ACC,-2.674405,-1.003201,7.740690
221081120625548,ACC,-3.019181,-1.216292,7.659285
221081122625281,ACC,-3.174809,-1.333611,7.640131
221081124625014,ACC,-3.450150,-1.589798,7.632948
221081124024167,MAG,31.379999,-14.340000,-37.139999
221081126624747,ACC,-3.701549,-1.848380,7.647314
221081128624480,ACC,-3.821263,-1.980065,7.642525
221081130624213,ACC,-3.979285,-2.202733,7.661679
221081132623946,ACC,-4.106181,-2.415823,7.726325
221081134623746,ACC,-4.166038,-2.590605,7.817307
221081134023033,MAG,31.080000,-14.520000,-37.200001
221081136623546,ACC,-4.192375,-2.667222,7.889135
221081138623279,ACC,-4.221107,-2.765387,8.047157
221081140623012,ACC,-4.187587,-2.765387,8.281796
221081142622745,ACC,-4.142096,-2.729473,8.406299
221081144622478,ACC,-3.929005,-2.607365,8.616995
221081144021899,MAG,31.019999,-14.940000,-36.840000
221081146622211,ACC,-3.778166,-2.509200,8.724737
221081148621944,ACC,-3.438179,-2.284138,8.935433
221081150621744,ACC,-3.014392,-2.004008,9.167678
221081152621544,ACC,-2.765387,-1.841197,9.294575
221081154621277,ACC,-1.922603,-1.319245,9.718362
221081154020699,MAG,30.660000,-15.240000,-36.540001
221081156621010,ACC,-1.620924,-1.139675,9.888355
221081158620743,ACC,-1.304880,-0.967287,10.058349
221081160620476,ACC,-0.622511,-0.617723,10.407912
221081162620209,ACC,0.035914,-0.337593,10.759871
221081164619942,ACC,0.679974,-0.083800,11.109435
221081164019565,MAG,30.900000,-15.179999,-36.840000
221081166619742,ACC,0.967287,0.038308,11.253092
221081168619475,ACC,1.496422,0.275342,11.506885
221081170619208,ACC,1.893871,0.481249,11.708004
221081172618941,ACC,2.059076,0.586597,11.796592
221081174618674,ACC,2.320052,0.761379,11.899546
221081174018431,MAG,31.019999,-15.420000,-36.239998
221081176618407,ACC,2.456526,0.893064,11.983345
221081178618140,ACC,2.492440,0.948133,12.012076
221081180617873,ACC,2.504411,1.005595,12.057568
221081182617673,ACC,2.391881,1.000807,12.057568
221081184617406,ACC,2.195550,0.926584,12.050385
221081184017231,MAG,30.719999,-15.960000,-36.239998
221081186617139,ACC,2.056682,0.885882,12.019259
221081188616872,ACC,1.716695,0.761379,11.933065
221081190616638,ACC,1.517970,0.691945,11.875603
221081192616371,ACC,1.101366,0.524346,11.693638
221081194616104,ACC,0.689551,0.344776,11.468576
221081194016064,MAG,30.240000,-16.619999,-36.299999
221081196615837,ACC,0.474066,0.246610,11.339286
221081198615637,ACC,0.076617,0.043097,11.044789
221081200615370,ACC,-0.287313,-0.193936,10.702409
221081202615103,ACC,-0.445335,-0.320833,10.518049
221081204614836,ACC,-0.861939,-0.720677,10.039194
221081204014864,MAG,29.939999,-16.859999,-35.880001
221081206614569,ACC,-0.962498,-0.871516,9.893144
221081208614302,ACC,-1.041510,-1.034327,9.763853
221081210614035,ACC,-1.168406,-1.381497,9.507666
221081212613768,ACC,-1.177983,-1.709512,9.246689
221081214613568,ACC,-1.120521,-2.047105,8.923462
221081214013664,MAG,30.000000,-17.760000,-35.820000
221081216613301,ACC,-1.070241,-2.219493,8.765440
221081218613034,ACC,-0.931373,-2.518777,8.449396
221081220612767,ACC,-0.742225,-2.660039,8.147717
221081222612500,ACC,-0.639271,-2.906650,7.984907
221081224612233,ACC,-0.399844,-3.114952,7.635343
221081224012397,MAG,30.359999,-17.699999,-35.520000
221081226611966,ACC,-0.146051,-3.258608,7.326481
221081228611766,ACC,-0.014366,-3.332830,7.204373
221081230611566,ACC,0.246610,-3.421419,7.063111
221081232611299,ACC,0.541106,-3.507613,7.055928
221081234611032,ACC,0.890670,-3.560287,7.213950
221081234011130,MAG,30.959999,-17.760000,-35.279999
221081236610765,ACC,1.072635,-3.584229,7.326481
221081238610498,ACC,1.438959,-3.629721,7.637737
221081240610231,ACC,1.611347,-3.644086,7.836462
221081242609964,ACC,1.934574,-3.708732,8.288980
221081244609764,ACC,2.188367,-3.811686,8.758257
221081244009863,MAG,30.539999,-18.180000,-35.040001
221081246609497,ACC,2.296109,-3.849994,8.973742
221081248609230,ACC,2.439766,-3.936188,9.399923
221081250608930,ACC,2.504411,-4.008016,9.799767
221081252608663,ACC,2.513988,-4.039142,9.998491
221081254608396,ACC,2.458920,-4.106181,10.587483
221081254008596,MAG,30.539999,-17.820000,-35.399998
221081256608129,ACC,2.420612,-4.122941,10.762265
221081258607862,ACC,2.384698,-4.137307,10.922682
221081260607662,ACC,2.351178,-4.158855,11.181263
221081262607395,ACC,2.317658,-4.163644,11.363228
221081264607128,ACC,2.305687,-4.170827,11.547587
221081264007262,MAG,30.240000,-18.059999,-35.160000
221081266606861,ACC,2.329629,-4.175615,11.593079
221081268606594,ACC,2.444555,-4.161250,11.628993
221081270606327,ACC,2.549903,-4.134912,11.715187
221081272606060,ACC,2.676799,-4.039142,11.911517
221081274605793,ACC,2.751022,-3.905062,12.124608
221081274005995,MAG,29.879999,-18.119999,-35.219997
221081276605593,ACC,2.717502,-3.828445,12.294601
221081278605326,ACC,2.645674,-3.665635,12.344881
221081280605059,ACC,2.420612,-3.507613,12.361641
221081282604792,ACC,2.126116,-3.383110,12.308967
221081284604525,ACC,1.781340,-3.296916,12.217984
221081284004728,MAG,29.820000,-17.699999,-35.099998
221081286604258,ACC,1.594587,-3.270579,12.179676
221081288603991,ACC,1.266571,-3.258608,12.148550
221081290603724,ACC,1.132492,-3.263397,12.158128
221081292603524,ACC,0.972076,-3.313676,12.194041
221081294603257,ACC,0.931373,-3.373533,12.311361
221081294003394,MAG,29.340000,-17.580000,-34.799999
221081296602990,ACC,0.921796,-3.409447,12.395161
221081298602723,ACC,0.888276,-3.462121,12.586702
221081300602456,ACC,0.861939,-3.464516,12.775850
221081302602189,ACC,0.857150,-3.462121,12.866833
221081304601922,ACC,0.828419,-3.399870,13.039221
221081304002127,MAG,29.340000,-16.920000,-34.980000
221081306601722,ACC,0.840390,-3.325648,13.144568
221081308601522,ACC,0.857150,-3.277762,13.190060
221081310601288,ACC,0.950527,-3.172414,13.273860
221081312601054,ACC,1.149252,-3.086220,13.331322
221081314600820,ACC,1.391074,-3.009604,13.386391
221081314000893,MAG,29.160000,-16.799999,-35.279999
221081316600586,ACC,1.541913,-2.971295,13.439064
221081318600352,ACC,1.865140,-2.892284,13.539624
221081320600118,ACC,2.202733,-2.839610,13.621030
221081322599951,ACC,2.348783,-2.813273,13.659338
221081324599717,ACC,2.648068,-2.767782,13.702435
221081323999593,MAG,29.459999,-16.680000,-35.340000
221081326599483,ACC,2.770176,-2.746233,13.707223
221081328599249,ACC,2.949747,-2.705531,13.647367
221081330599015,ACC,3.040729,-2.664828,13.546807
221081332598781,ACC,3.057489,-2.652857,13.364842
221081334598547,ACC,3.023969,-2.621731,13.223579
221081333998359,MAG,29.400000,-16.559999,-35.279999
221081336598313,ACC,3.002421,-2.616942,13.168511
221081338598146,ACC,2.954535,-2.628914,13.063164
221081340597912,ACC,2.925804,-2.657645,13.000913
221081342597678,ACC,2.822850,-2.719896,12.883593
221081344597444,ACC,2.657645,-2.765387,12.749514
221081343997125,MAG,29.519999,-16.980000,-35.340000
221081346597210,ACC,2.540326,-2.798907,12.675291
221081348596976,ACC,2.257801,-2.865947,12.536423
221081350596742,ACC,1.922603,-2.959324,12.342486
221081352596508,ACC,1.731061,-3.011998,12.241927
221081354596341,ACC,1.324034,-3.095797,12.016866
221081353995891,MAG,29.760000,-16.500000,-35.160000
221081356596107,ACC,0.893064,-3.155654,11.794198
221081358595873,ACC,0.677580,-3.181991,11.688849
221081360595639,ACC,0.294496,-3.234665,11.535616
221081362595405,ACC,0.011971,-3.304099,11.425479
221081364595171,ACC,-0.208302,-3.356773,11.356046
221081363994657,MAG,30.299999,-16.379999,-35.340000
221081366594937,ACC,-0.282524,-3.361562,11.334496
221081368594703,ACC,-0.351958,-3.373533,11.291400
221081370594503,ACC,-0.351958,-3.366350,11.267457
221081372594236,ACC,-0.316044,-3.330436,11.209994
221081374593969,ACC,-0.251399,-3.268185,11.147743
221081373993423,MAG,31.439999,-16.260000,-34.799999
221081376593702,ACC,-0.215485,-3.234665,11.102252
221081378593435,ACC,-0.093377,-3.181991,11.056761
221081380593168,ACC,0.038308,-3.184386,11.030424
221081382592901,ACC,0.105348,-3.193963,10.992116
221081384592701,ACC,0.129291,-3.268185,10.881979
221081383992189,MAG,32.219997,-16.260000,-34.860001
221081386592501,ACC,0.148445,-3.311282,10.860431
221081388592234,ACC,0.203513,-3.366350,10.795785
221081390591967,ACC,0.237033,-3.390293,10.752688
221081392591700,ACC,0.339987,-3.392687,10.683254
221081394591433,ACC,0.481249,-3.359168,10.594666
221081393990955,MAG,32.459999,-16.379999,-34.500000
221081396591166,ACC,0.567443,-3.318465,10.546781
221081398590899,ACC,0.744619,-3.201145,10.460587
221081400590699,ACC,0.940950,-3.002421,10.355239
221081402590499,ACC,1.036721,-2.892284,10.309748
221081404590232,ACC,1.242629,-2.638491,10.249890
221081403989655,MAG,32.759998,-16.619999,-33.959999
221081406589965,ACC,1.431776,-2.348783,10.194822
221081408589698,ACC,1.517970,-2.200339,10.139753
221081410589431,ACC,1.606558,-1.922603,10.015251
221081412589164,ACC,1.613741,-1.664021,9.866806
221081414588897,ACC,1.573039,-1.441353,9.742304
221081413988421,MAG,32.340000,-16.680000,-34.380001
221081416588697,ACC,1.532336,-1.350371,9.696813
221081418588430,ACC,1.415016,-1.175589,9.672871
221081420588163,ACC,1.333611,-1.089395,9.694419
221081422587896,ACC,1.216292,-0.940950,9.840469
221081424587629,ACC,1.134886,-0.814053,10.053560
221081423987187,MAG,31.920000,-16.379999,-34.259998
221081426587362,ACC,1.125309,-0.749408,10.161303
221081428587095,ACC,1.170800,-0.632089,10.343267
221081430586828,ACC,1.268966,-0.512375,10.460587
221081432586628,ACC,1.324034,-0.445335,10.486923
221081434586361,ACC,1.474873,-0.213090,10.436644
221081433985887,MAG,31.980000,-16.559999,-34.259998
221081436586094,ACC,1.501210,-0.141262,10.383970
221081438585827,ACC,1.541913,-0.055068,10.324113
221081440585560,ACC,1.541913,0.114925,10.190034
221081442585293,ACC,1.479662,0.272947,10.048771
221081444585026,ACC,1.359948,0.395055,9.945818
221081443984653,MAG,31.379999,-16.260000,-34.500000
221081446584759,ACC,1.280937,0.426181,9.909904
221081448584559,ACC,1.079818,0.486038,9.890749
221081450584292,ACC,0.857150,0.498009,9.933846
221081452584025,ACC,0.749408,0.495615,9.950606
221081454583758,ACC,0.565049,0.450124,9.979338
221081453983419,MAG,31.260000,-16.680000,-34.619999
221081456583491,ACC,0.426181,0.366324,9.969760
221081458583224,ACC,0.368718,0.306467,9.957788
221081460582957,ACC,0.210696,0.169994,9.907509
221081462582690,ACC,0.093377,0.002394,9.845258
221081464582490,ACC,-0.086194,-0.198725,9.699207
221081463982185,MAG,31.379999,-16.920000,-34.739998
221081466582223,ACC,-0.174782,-0.299284,9.591465
221081468581956,ACC,-0.359141,-0.457306,9.306546
221081470581689,ACC,-0.447729,-0.531529,9.141341
221081472581422,ACC,-0.644060,-0.670397,8.820508
221081474581155,ACC,-0.859545,-0.782928,8.511647
221081473980951,MAG,31.199999,-16.740000,-34.919998
221081476580888,ACC,-0.969681,-0.835602,8.370385
221081478580688,ACC,-1.170800,-0.888276,8.116591
221081480580488,ACC,-1.379102,-0.914613,7.920261
221081482580221,ACC,-1.467690,-0.905036,7.838856
221081484579954,ACC,-1.565856,-0.833208,7.613794
221081483979717,MAG,31.559999,-16.740000,-34.680000
221081486579687,ACC,-1.541913,-0.794899,7.534783
221081488579420,ACC,-1.482056,-0.751802,7.434223
221081490579153,ACC,-1.245023,-0.672791,7.225921
221081492578886,ACC,-0.864333,-0.600963,7.053534
221081494578686,ACC,-0.440547,-0.509981,6.950580
221081493978483,MAG,31.740000,-16.500000,-34.259998
221081496578419,ACC,-0.196331,-0.459701,6.936214
221081498578152,ACC,0.308861,-0.330410,6.924243
221081500577885,ACC,0.828419,-0.174782,6.941003
221081502577618,ACC,1.017567,-0.083800,6.952974
221081504577351,ACC,1.386285,0.095771,6.988888
221081503977249,MAG,32.040001,-16.619999,-33.840000
221081506577084,ACC,1.666415,0.270553,7.003254
221081508576817,ACC,1.771763,0.351958,7.000860
221081510576617,ACC,1.915420,0.509981,6.967340
221081512576350,ACC,1.970488,0.641666,6.984099
221081514576083,ACC,1.913026,0.763774,7.053534
221081513975949,MAG,32.759998,-16.799999,-33.599998
221081516575816,ACC,1.857957,0.816448,7.118179
221081518575549,ACC,1.723878,0.905036,7.290567
221081520575282,ACC,1.652050,0.952921,7.400703
221081522575015,ACC,1.503605,1.055875,7.635343
221081524574748,ACC,1.343188,1.149252,7.869981
221081523974715,MAG,32.820000,-17.279999,-33.540001
221081526574548,ACC,1.292908,1.199532,7.977724
221081528574281,ACC,1.180377,1.297697,8.162083
221081530574014,ACC,1.108549,1.381497,8.303345
221081532573747,ACC,1.077424,1.431776,8.377567
221081534573480,ACC,0.979258,1.580221,8.593052
221081533973481,MAG,33.119999,-17.400000,-33.899998
221081536573213,ACC,0.936161,1.632895,8.669669
221081538572946,ACC,0.878699,1.675992,8.755863
221081540572679,ACC,0.802082,1.769369,8.978531
221081542572479,ACC,0.703917,1.834015,9.215564
221081544572212,ACC,0.629694,1.886689,9.440625
221081543972181,MAG,33.119999,-16.980000,-34.139999
221081546571945,ACC,0.603357,1.896266,9.557945
221081548571678,ACC,0.512375,1.903448,9.799767
221081550571411,ACC,0.454912,1.891477,10.012857
221081552571144,ACC,0.428575,1.857957,10.072714
221081554570877,ACC,0.361535,1.822043,10.161303
221081553970947,MAG,32.939999,-17.100000,-33.779999
221081556570677,ACC,0.316044,1.774158,10.216371
221081558570477,ACC,0.304073,1.743032,10.233130
221081560570210,ACC,0.275342,1.668810,10.202005
221081562569943,ACC,0.265765,1.582616,10.146936
221081564569676,ACC,0.258582,1.482056,10.060742
221081563969713,MAG,33.360001,-16.799999,-33.899998
221081566569409,ACC,0.253793,1.424594,9.998491
221081568569142,ACC,0.316044,1.288120,9.852441
221081570568875,ACC,0.359141,1.225869,9.785401
221081572568675,ACC,0.442941,1.096578,9.632168
221081574568408,ACC,0.521952,0.967287,9.488511
221081573968413,MAG,33.599998,-16.619999,-33.599998
221081576568141,ACC,0.567443,0.883487,9.416683
221081578567874,ACC,0.603357,0.756591,9.294575
221081580567607,ACC,0.581809,0.670397,9.143736
221081582567340,ACC,0.555472,0.651243,9.088667
221081584567073,ACC,0.402238,0.706311,8.954588
221081583967179,MAG,34.020000,-16.680000,-33.419998
221081586566806,ACC,0.354353,0.756591,8.904308
221081588566606,ACC,0.299284,0.816448,8.844451
221081590566339,ACC,0.220273,0.952921,8.722343
221081592566072,ACC,0.222668,1.089395,8.609812
221081594565805,ACC,0.323227,1.206715,8.530801
221081593965945,MAG,34.139999,-16.440001,-33.360001
221081596565538,ACC,0.416604,1.249811,8.492493
221081598565271,ACC,0.646454,1.307274,8.435030
221081600565004,ACC,0.921796,1.324034,8.454185
221081602564737,ACC,1.065452,1.350371,8.590658
221081604564537,ACC,1.369525,1.364737,8.861211
221081603964711,MAG,33.899998,-16.740000,-32.939999
221081606564270,ACC,1.618530,1.388679,9.198804
221081608564003,ACC,1.719089,1.407834,9.375980
221081610563736,ACC,1.843592,1.438959,9.766247
221081612563469,ACC,1.879506,1.472479,10.197216
221081614563202,ACC,1.884294,1.467690,10.621003
221081613963444,MAG,33.480000,-16.320000,-33.180000
221081616562935,ACC,1.869929,1.472479,10.812545
221081618562668,ACC,1.778946,1.501210,11.126195
221081620562468,ACC,1.661627,1.517970,11.387171
221081622562201,ACC,1.601770,1.532336,11.485336
221081624561934,ACC,1.455719,1.585010,11.631387
221081623962177,MAG,32.880001,-16.619999,-33.719997
221081626561667,ACC,1.367131,1.613741,11.676878
221081628561400,ACC,1.173195,1.699935,11.739129
221081630561133,ACC,0.979258,1.817255,11.696033
221081632560866,ACC,0.873910,1.896266,11.657724
221081634560666,ACC,0.550683,2.066259,11.406325
221081633960910,MAG,32.820000,-16.320000,-34.500000
221081636560466,ACC,0.433364,2.250618,11.298583
221081638560199,ACC,0.342381,2.355966,11.147743
221081640559932,ACC,0.155628,2.571451,10.831699
221081642559665,ACC,0.007183,2.794119,10.508472
221081644559398,ACC,-0.071828,3.052700,10.132571
221081643959643,MAG,32.639999,-15.839999,-34.980000
221081646559131,ACC,-0.117319,3.172414,10.070320
221081648558864,ACC,-0.189148,3.328042,10.012857
221081650558664,ACC,-0.208302,3.402265,9.878778
221081652558464,ACC,-0.294496,3.567469,9.660899
221081654558197,ACC,-0.438152,3.696760,9.639350
221081653958309,MAG,32.880001,-15.599999,-34.559998
221081656557930,ACC,-0.620117,3.737463,9.675264
221081658557663,ACC,-0.713494,3.773377,9.581888
221081660557396,ACC,-0.897853,3.816474,9.505271
221081662557129,ACC,-1.027144,3.818868,9.562734
221081664556862,ACC,-1.058270,3.737463,9.581888
221081663957042,MAG,33.239998,-15.299999,-34.320000
221081666556662,ACC,-1.005595,3.672817,9.579494
221081668556395,ACC,-0.804476,3.500430,9.572310
221081670556128,ACC,-0.670397,3.373533,9.569917
221081672555861,ACC,-0.311256,3.134106,9.605830
221081674555594,ACC,0.102954,2.887496,9.687236
221081673955775,MAG,33.239998,-15.480000,-34.559998
221081676555327,ACC,0.332804,2.765387,9.756670
221081678555060,ACC,0.778139,2.545114,9.902720
221081680554793,ACC,1.252206,2.360755,10.034406
221081682554593,ACC,1.484450,2.284138,10.075109
221081684554326,ACC,1.905843,2.145270,10.168485
221081683954441,MAG,33.899998,-15.179999,-35.040001
221081686554059,ACC,2.279350,2.006402,10.237919
221081688553792,ACC,2.430189,1.958517,10.261862
221081690553525,ACC,2.657645,1.929785,10.288198
221081692553258,ACC,2.770176,1.946545,10.249890
221081694552991,ACC,2.808484,2.011191,10.206794
221081693953174,MAG,34.079998,-15.299999,-35.520000
221081696552724,ACC,2.808484,2.073442,10.182851
221081698552524,ACC,2.758204,2.207521,10.211582
221081700552257,ACC,2.703136,2.262590,10.233130
221081702551990,ACC,2.573845,2.382303,10.113417
221081704551723,ACC,2.430189,2.530748,9.876384
221081703951907,MAG,33.719997,-14.880000,-36.059998
221081706551456,ACC,2.370332,2.614548,9.783007
221081708551189,ACC,2.224281,2.762993,9.680053
221081710550922,ACC,2.080625,2.844398,9.787795
221081712550655,ACC,2.056682,2.851581,9.624985
221081714550455,ACC,2.078231,2.959324,9.387952
221081713950640,MAG,33.599998,-13.799999,-35.520000
221081716550221,ACC,2.097385,3.000026,9.325701
221081718549987,ACC,2.128510,3.023969,9.244295
221081720549753,ACC,2.123722,3.002421,9.179649
221081722549519,ACC,2.099779,2.968901,9.160496
221081724549285,ACC,2.006402,2.885101,9.150918
221081723949406,MAG,33.059998,-13.440000,-35.579998
221081726549051,ACC,1.932180,2.832427,9.203592
221081728548884,ACC,1.735849,2.727079,9.263450
221081730548717,ACC,1.455719,2.686376,9.141341
221081732548483,ACC,1.283331,2.695953,9.148524
221081734548249,ACC,0.914613,2.762993,9.294575
221081733948172,MAG,32.820000,-12.900000,-35.579998
221081736548015,ACC,0.502798,2.861158,9.557945
221081738547781,ACC,0.282524,2.932987,9.727939
221081740547547,ACC,-0.186753,3.055095,10.120600
221081742547313,ACC,-0.727860,3.170020,10.539598
221081744547146,ACC,-1.213897,3.287339,10.925076
221081743946938,MAG,32.820000,-12.780000,-35.340000
221081746546912,ACC,-1.417411,3.323253,11.090281
221081748546678,ACC,-1.709512,3.373533,11.320131
221081750546444,ACC,-1.757398,3.368745,11.356046
221081752546210,ACC,-1.683175,3.277762,11.267457
221081754545976,ACC,-1.374314,3.107769,11.104647
221081753945704,MAG,33.000000,-12.599999,-35.759998
221081756545742,ACC,-1.146858,3.004815,11.035213
221081758545508,ACC,-0.588992,2.772570,10.893950
221081760545341,ACC,0.074223,2.609760,10.692831
221081762545107,ACC,0.447729,2.542720,10.606637
221081764544873,ACC,1.687964,2.396669,10.235525
221081763944404,MAG,33.059998,-12.420000,-35.639999
221081766544639,ACC,2.145270,2.360755,10.051166
221081768544405,ACC,3.052700,2.329629,9.785401
221081770544171,ACC,3.524373,2.236253,9.639350
221081772543937,ACC,4.448563,2.209916,9.126976
221081774543703,ACC,5.245856,2.322447,8.753469
221081773943170,MAG,32.880001,-12.360000,-36.000000
221081776543503,ACC,5.607392,2.420612,8.676852
221081778543236,ACC,6.277789,2.660039,8.621783
221081780542969,ACC,6.859597,2.944958,8.640938
221081782542702,ACC,7.108602,3.110163,8.667274
221081784542435,ACC,7.518023,3.440573,8.813326
221081783941936,MAG,33.000000,-11.820000,-36.239998
221081786542168,ACC,7.759845,3.672817,8.976136
221081788541901,ACC,7.874770,3.792531,8.719949
221081790541634,ACC,7.877164,4.060690,7.999272
221081792541434,ACC,7.625765,4.278569,7.561120
221081794541167,ACC,7.132545,4.307301,7.630554
221081793940636,MAG,32.639999,-11.820000,-36.059998
221081796540900,ACC,6.864386,4.225895,7.628160
221081798540633,ACC,6.284971,4.048719,7.079871
221081800540366,ACC,5.643306,3.881119,6.759038
221081802540099,ACC,5.310502,3.780560,6.737489
221081804539832,ACC,4.659259,3.490853,6.859597
221081803939402,MAG,32.579998,-11.520000,-36.180000
221081806539632,ACC,4.333637,3.328042,6.996071
221081808539432,ACC,3.711126,2.988055,7.355212
221081810539165,ACC,3.107769,2.667222,7.728719
221081812538898,ACC,2.822850,2.521171,7.886741
221081814538631,ACC,1.920208,2.135693,8.267431
221081813938168,MAG,32.759998,-10.559999,-36.239998
221081816538364,ACC,1.625713,2.049499,8.370385
221081818538097,ACC,1.019961,1.963305,8.470944
221081820537830,ACC,0.718282,1.838803,8.655303
221081822537630,ACC,0.162811,1.769369,8.798960
221081824537363,ACC,-0.375901,1.766975,8.992896
221081823936868,MAG,32.639999,-10.320000,-36.239998
221081826537096,ACC,-0.615329,1.762186,9.038387
221081828536829,ACC,-1.063058,1.810072,8.942616
221081830536562,ACC,-1.467690,1.968094,8.877971
221081832536295,ACC,-1.661627,2.063865,8.856422
221081834536028,ACC,-1.994431,2.310475,8.880365
221081833935634,MAG,32.880001,-9.780000,-36.719997
221081836535761,ACC,-2.260195,2.535537,9.038387
221081838535561,ACC,-2.324841,2.655251,8.923462
221081840535294,ACC,-2.394275,2.988055,8.719949
221081842535027,ACC,-2.360755,3.368745,8.791777
221081844534760,ACC,-2.176396,3.715914,9.016839
221081843934400,MAG,32.939999,-9.540000,-36.840000
221081846534493,ACC,-2.035134,3.869148,9.150918
221081848534226,ACC,-1.623318,4.130124,9.443020
221081850533959,ACC,-1.347977,4.211529,9.550762
221081852533692,ACC,-0.696734,4.285752,9.665688
221081854533492,ACC,0.105348,4.295329,9.694419
221081853933166,MAG,33.000000,-9.780000,-37.139999
221081856533225,ACC,0.536318,4.288146,9.737515
221081858532958,ACC,1.448536,4.228289,9.847652
221081860532691,ACC,2.377515,4.213923,10.036800
221081862532424,ACC,2.837216,4.225895,10.122993
221081864532157,ACC,4.194769,4.297723,10.348056
221081863931932,MAG,33.180000,-9.540000,-37.380001
221081866531890,ACC,4.620950,4.336032,10.393547
221081868531623,ACC,5.039948,4.374340,10.407912
221081870531423,ACC,5.815693,4.438985,10.362421
221081872531156,ACC,6.486091,4.537151,10.264256
221081874530889,ACC,7.053534,4.640105,10.211582
221081873930698,MAG,32.880001,-9.300000,-37.500000
221081876530622,ACC,7.288173,4.680807,10.199611
221081878530355,ACC,7.568303,4.728693,10.158908
221081880530088,ACC,7.680834,4.771790,10.115811
221081882529821,ACC,7.628160,4.783761,10.077502
221081884529621,ACC,7.367184,4.757424,9.933846
221081883929464,MAG,32.700001,-8.639999,-37.739998
221081886529421,ACC,6.854809,4.716722,9.687236
221081888529154,ACC,6.498062,4.673625,9.510059
221081890528887,ACC,5.593026,4.513208,9.119793
221081892528620,ACC,4.539545,4.328849,8.782200
221081894528353,ACC,3.325648,4.094210,8.566715
221081893928230,MAG,32.279999,-7.800000,-37.619999
221081896528086,ACC,2.693559,3.964919,8.526012
221081898527819,ACC,1.415016,3.689578,8.504464
221081900527619,ACC,0.158022,3.402265,8.552350
221081902527419,ACC,-0.454912,3.263397,8.597841
221081904527152,ACC,-1.604164,3.033546,8.743892
221081903926930,MAG,31.619999,-7.020000,-37.980000
221081906526885,ACC,-2.128510,2.921015,8.786988
221081908526618,ACC,-3.079037,2.765387,8.935433
221081910526351,ACC,-3.842811,2.645674,8.956982
221081912526084,ACC,-4.134912,2.612154,8.858817
221081914525817,ACC,-4.692779,2.636096,8.470944
221081913925696,MAG,31.559999,-6.600000,-38.219997
221081916525617,ACC,-4.783761,2.660039,8.384750
221081918525350,ACC,-4.841224,2.674405,8.408693
221081920525083,ACC,-4.817281,2.683982,8.480521
221081922524816,ACC,-4.704750,2.736656,8.420665
221081924524549,ACC,-4.604190,2.897073,8.818114
221081923924462,MAG,31.199999,-6.420000,-38.099998
221081926524282,ACC,-4.546728,2.990449,9.117398
221081928524015,ACC,-4.434197,3.225088,9.773430
221081930523748,ACC,-4.355186,3.361562,10.407912
221081932523548,ACC,-4.326455,3.646481,10.649734
221081934523314,ACC,-4.242655,4.005622,11.092675
221081933923195,MAG,31.559999,-6.540000,-38.459999
221081936523080,ACC,-4.134912,4.446168,11.475760
221081938522846,ACC,-4.072661,4.695173,11.631387
221081940522612,ACC,-3.895485,5.176422,11.954614
221081942522378,ACC,-3.641692,5.688797,12.313755
221081944522144,ACC,-3.349591,6.220326,12.696839
221081943921995,MAG,31.619999,-6.780000,-38.520000
221081946521910,ACC,-3.181991,6.488485,12.900352
221081948521743,ACC,-2.784542,6.974523,13.312168
221081950521609,ACC,-2.576240,7.197190,13.522864
221081952521475,ACC,-2.111750,7.573091,13.915525
221081954521341,ACC,-1.582616,7.848433,14.231569
221081953920895,MAG,31.740000,-6.420000,-38.759998
221081956521207,ACC,-1.295303,7.946598,14.329735
221081958521073,ACC,-0.718282,8.051947,14.430294
221081960520939,ACC,-0.160416,8.051947,14.387197
221081962520805,ACC,0.119714,8.028004,14.324946
221081964520738,ACC,0.818842,7.841250,14.025661
221081963919795,MAG,31.740000,-6.060000,-39.299999
221081966520671,ACC,1.012778,7.757451,13.915525
221081968520604,ACC,1.187560,7.661679,13.788629
221081970520537,ACC,1.486845,7.448589,13.530047
221081972520470,ACC,1.766975,7.185219,13.225974
221081974520403,ACC,2.087808,6.787769,12.694445
221081973918761,MAG,31.379999,-5.820000,-39.180000
221081976520336,ACC,2.231464,6.522005,12.306573
221081978520336,ACC,2.427795,5.808511,11.262669
221081980520336,ACC,2.451737,4.963332,10.048771
221081982520302,ACC,2.391881,4.506025,9.541185
221081984520268,ACC,2.116539,3.610566,8.755863
221081983917761,MAG,31.619999,-5.460000,-38.820000
221081986520234,ACC,1.661627,3.167626,8.193209
221081988520200,ACC,1.391074,2.343995,8.018426
221081990520166,ACC,0.802082,1.608953,7.735902
221081992520132,ACC,0.162811,1.043904,7.467743
221081994520132,ACC,-0.521952,0.644060,7.304933
221081993916761,MAG,31.320000,-5.340000,-38.759998
221081996520098,ACC,-0.857150,0.514769,7.194796
221081998520064,ACC,-1.534730,0.356747,6.833261
221082000520030,ACC,-1.860352,0.344776,6.622564
221082002519996,ACC,-2.468497,0.399844,6.114978
221082004519962,ACC,-3.016786,0.572232,5.667248
221082003915794,MAG,31.199999,-5.340000,-39.119999
221082006519928,ACC,-3.272974,0.682368,5.502044
221082008519894,ACC,-3.773377,0.938556,5.411061
221082010519827,ACC,-4.268992,1.218686,5.600209
221082012519727,ACC,-4.503631,1.347977,5.786962
221082014519627,ACC,-5.169240,1.587404,6.526793
221082013914794,MAG,30.599998,-5.460000,-39.299999
221082016519527,ACC,-5.360781,1.788523,6.818895
221082018519427,ACC,-5.523592,1.881900,7.122968
221082020519327,ACC,-5.820482,2.063865,7.752662
221082022519227,ACC,-5.988081,2.241041,8.396722
221082024519127,ACC,-6.043149,2.449343,9.014444
221082023913827,MAG,30.420000,-5.460000,-39.660000
221082026519027,ACC,-6.026390,2.569057,9.296969
221082028518927,ACC,-5.868368,2.818061,9.766247
221082030518827,ACC,-5.743865,2.956929,9.955395
221082032518727,ACC,-5.427821,3.246637,10.283410
221082034518627,ACC,-5.027977,3.560287,10.556357
221082033912927,MAG,30.299999,-5.520000,-39.899998
221082036518527,ACC,-4.546728,3.718309,10.683254
221082038518427,ACC,-4.307301,4.017593,10.944230
221082040518327,ACC,-3.835628,4.324060,11.214784
221082042518260,ACC,-3.359168,4.628133,11.494913
221082044518126,ACC,-2.916227,4.915446,11.782227
221082043911960,MAG,29.699999,-5.460000,-39.540001
221082046517992,ACC,-2.727079,5.061497,11.928277
221082048517858,ACC,-2.367938,5.341627,12.210801
221082050517724,ACC,-2.217098,5.473312,12.352064
221082052517590,ACC,-1.992037,5.700768,12.610645
221082054517456,ACC,-1.810072,5.880339,12.854861
221082053911060,MAG,29.820000,-4.860000,-40.020000
221082056517356,ACC,-1.750215,5.944984,12.950632
221082058517256,ACC,-1.637684,6.031178,13.094289
221082060517089,ACC,-1.592193,6.076670,13.151752
221082062516922,ACC,-1.568250,6.088641,13.146963
221082064516755,ACC,-1.534730,6.067092,13.067952
221082063910160,MAG,29.219999,-4.500000,-40.200001
221082066516588,ACC,-1.551490,6.028784,12.905141
221082068516421,ACC,-1.549096,5.990476,12.802187
221082070516254,ACC,-1.539519,5.885128,12.572337
221082072516120,ACC,-1.568250,5.731894,12.320938
221082074515986,ACC,-1.608953,5.504438,12.050385
221082073909260,MAG,29.099998,-4.140000,-40.200001
221082076515786,ACC,-1.656838,5.384724,11.928277
221082078515586,ACC,-1.771763,5.123748,11.710398
221082080515386,ACC,-1.924997,4.757424,11.449422
221082082515186,ACC,-2.008796,4.527574,11.298583
221082084514986,ACC,-2.202733,4.031959,10.922682
221082083908360,MAG,29.340000,-3.780000,-40.439999
221082086514786,ACC,-2.322447,3.787743,10.707197
221082088514586,ACC,-2.576240,3.299311,10.281016
221082090514319,ACC,-2.813273,2.815667,9.885961
221082092514052,ACC,-3.040729,2.597788,9.665688
221082094513785,ACC,-3.205934,1.948940,8.885154
221082093907460,MAG,29.279999,-3.960000,-40.320000
221082096513518,ACC,-3.280156,1.757398,8.605023
221082098513251,ACC,-3.397476,1.415016,8.049552
221082100512984,ACC,-3.445361,1.259389,7.781393
221082102512717,ACC,-3.514795,1.022355,7.292961
221082104512517,ACC,-3.627326,0.833208,6.852415
221082103906560,MAG,29.639999,-4.260000,-40.259998
221082106512250,ACC,-3.675212,0.751802,6.663267
221082108511983,ACC,-3.785348,0.629694,6.385531
221082110511716,ACC,-3.897879,0.562655,6.208354
221082112511449,ACC,-3.962525,0.533923,6.165257
221082114511182,ACC,-4.113364,0.466884,6.155681
221082113905660,MAG,29.639999,-4.260000,-40.020000
221082116510915,ACC,-4.292935,0.414210,6.277789
221082118510648,ACC,-4.383917,0.397450,6.380743
221082120510448,ACC,-4.541939,0.368718,6.541159
221082122510181,ACC,-4.702356,0.356747,6.720729
221082124509914,ACC,-4.836435,0.416604,6.895512
221082123904760,MAG,29.879999,-4.260000,-39.899998
221082126509647,ACC,-4.884321,0.450124,6.998465
221082128509380,ACC,-4.984880,0.562655,7.228316
221082130509113,ACC,-5.023189,0.632089,7.336058
221082132508846,ACC,-5.059103,0.814053,7.601822
221082134508579,ACC,-5.071074,1.077424,7.884347
221082133903860,MAG,30.059999,-4.260000,-39.899998
221082136508379,ACC,-5.066286,1.230657,8.051947
221082138508112,ACC,-5.047131,1.522759,8.384750
221082140507845,ACC,-4.982486,1.836409,8.679246
221082142507578,ACC,-4.927418,1.975277,8.786988
221082144507311,ACC,-4.687990,2.415823,9.057542
221082143902960,MAG,29.939999,-4.320000,-39.840000
221082146507044,ACC,-4.575459,2.554691,9.131764
221082148506777,ACC,-4.348003,2.683982,9.284998
221082150506577,ACC,-4.237866,2.928198,9.354432
221082152506377,ACC,-3.991256,3.110163,9.469357
221082154506110,ACC,-3.761406,3.272974,9.581888
221082153901993,MAG,30.179998,-4.260000,-39.719997
221082156505843,ACC,-3.641692,3.342408,9.636956
221082158505576,ACC,-3.416630,3.464516,9.761458
221082160505309,ACC,-3.237060,3.560287,9.883567
221082162505042,ACC,-3.150866,3.598595,9.933846
221082164504775,ACC,-2.983266,3.634509,10.039194
221082163901093,MAG,29.879999,-4.440000,-39.779999
221082166504575,ACC,-2.889890,3.610566,10.067925
221082168504308,ACC,-2.877918,3.579441,10.046377
221082170504041,ACC,-2.868341,3.466910,9.893144
221082172503774,ACC,-2.976084,3.287339,9.624985
221082174503507,ACC,-3.167626,3.055095,9.292180
221082173900193,MAG,29.340000,-4.200000,-39.660000
221082176503240,ACC,-3.292128,2.949747,9.138947
221082178502973,ACC,-3.577047,2.734262,8.882759
221082180502706,ACC,-3.720703,2.614548,8.784595
221082182502506,ACC,-4.022382,2.394275,8.684034
221082184502239,ACC,-4.314483,2.214704,8.688824
221082183899226,MAG,29.760000,-3.780000,-39.599998
221082186501972,ACC,-4.441380,2.128510,8.719949
221082188501705,ACC,-4.685596,1.968094,8.875577
221082190501438,ACC,-4.872349,1.891477,9.057542
221082192501171,ACC,-4.941783,1.857957,9.129370
221082194500904,ACC,-5.092622,1.776552,9.227535
221082193898326,MAG,30.059999,-3.960000,-39.779999
221082196500637,ACC,-5.130931,1.776552,9.227535
221082198500437,ACC,-5.169240,1.800495,9.229929
221082200500170,ACC,-5.272193,1.872323,9.246689
221082202499903,ACC,-5.372753,2.006402,9.273026
221082204499636,ACC,-5.420638,2.181184,9.323306
221082203897426,MAG,30.539999,-3.480000,-39.540001
221082206499369,ACC,-5.413455,2.296109,9.364009
221082208499102,ACC,-5.329656,2.564268,9.488511
221082210498835,ACC,-5.176422,2.825244,9.675264
221082212498568,ACC,-5.073468,2.961718,9.792584
221082214498368,ACC,-4.824464,3.232271,10.046377
221082213896526,MAG,31.199999,-3.360000,-39.540001
221082216498101,ACC,-4.527574,3.490853,10.312141
221082218497834,ACC,-4.374340,3.610566,10.446221
221082220497567,ACC,-4.084633,3.840417,10.690437
221082222497300,ACC,-3.768589,4.000833,10.932259
221082224497033,ACC,-3.486064,4.158855,11.159715
221082223895626,MAG,31.139999,-3.240000,-40.079998
221082226496766,ACC,-3.356773,4.230684,11.277035
221082228496566,ACC,-3.081432,4.367157,11.490125
221082230496366,ACC,-2.942564,4.429409,11.597867
221082232496099,ACC,-2.686376,4.580248,11.779832
221082234495832,ACC,-2.461314,4.709538,11.949825
221082233894692,MAG,30.840000,-2.760000,-40.320000
221082236495565,ACC,-2.353572,4.764607,12.021654
221082238495298,ACC,-2.133299,4.889109,12.153339
221082240495031,ACC,-1.958517,4.996851,12.275447
221082242494764,ACC,-1.874717,5.047131,12.313755
221082244494564,ACC,-1.661627,5.178816,12.318543
221082243893758,MAG,30.719999,-2.760000,-40.619999
221082246494297,ACC,-1.613741,5.202759,12.282630
221082248494030,ACC,-1.570644,5.207548,12.217984
221082250493763,ACC,-1.515576,5.209942,12.074327
221082252493496,ACC,-1.520365,5.178816,11.866026
221082254493229,ACC,-1.539519,5.099805,11.633781
221082253892724,MAG,30.539999,-2.460000,-40.619999
221082256492962,ACC,-1.546702,5.056708,11.499701
221082258492695,ACC,-1.537124,4.953754,11.226754
221082260492495,ACC,-1.525153,4.853195,10.939442
221082262492228,ACC,-1.520365,4.800521,10.798180
221082264491961,ACC,-1.496422,4.664047,10.539598
221082263891624,MAG,30.840000,-2.160000,-40.320000
221082266491694,ACC,-1.455719,4.546728,10.314536
221082268491427,ACC,-1.436565,4.482082,10.209188
221082270491160,ACC,-1.395862,4.333637,10.022434
221082272490893,ACC,-1.352765,4.173221,9.835681
221082274490626,ACC,-1.319245,3.996045,9.668081
221082273890524,MAG,31.199999,-2.700000,-40.259998
221082276490426,ACC,-1.316851,3.888302,9.603436
221082278490159,ACC,-1.343188,3.694366,9.428655
221082280489892,ACC,-1.393468,3.462121,9.253872
221082282489625,ACC,-1.417411,3.363956,9.160496
221082284489358,ACC,-1.479662,3.172414,8.913885
221082283889390,MAG,31.199999,-2.820000,-40.680000
221082286489091,ACC,-1.503605,3.069460,8.801354
221082288488824,ACC,-1.525153,2.889890,8.597841
221082290488557,ACC,-1.539519,2.739050,8.461368
221082292488357,ACC,-1.549096,2.643279,8.423059
221082294488090,ACC,-1.592193,2.423006,8.384750
221082293888190,MAG,31.320000,-3.240000,-40.680000
221082296487823,ACC,-1.618530,2.360755,8.394327
221082298487556,ACC,-1.649655,2.303292,8.401510
221082300487289,ACC,-1.757398,2.207521,8.377567
221082302487022,ACC,-1.913026,2.159636,8.308133
221082304486755,ACC,-2.135693,2.104568,8.274613
221082303887023,MAG,31.379999,-3.660000,-40.200001
221082306486555,ACC,-2.264984,2.078231,8.284191
221082308486355,ACC,-2.578634,2.011191,8.353624
221082310486088,ACC,-2.873130,1.989642,8.411087
221082312485821,ACC,-3.016786,1.936968,8.526012
221082314485554,ACC,-3.272974,1.879506,8.607418
221082313885823,MAG,31.379999,-3.840000,-40.200001
221082316485287,ACC,-3.471699,1.855563,8.638543
221082318485020,ACC,-3.557892,1.841197,8.631361
221082320484753,ACC,-3.701549,1.814860,8.583475
221082322484553,ACC,-3.761406,1.788523,8.537984
221082324484353,ACC,-3.751829,1.776552,8.530801
221082323884623,MAG,31.799999,-4.440000,-39.779999
221082326484086,ACC,-3.715914,1.778946,8.533195
221082328483819,ACC,-3.627326,1.800495,8.614601
221082330483552,ACC,-3.577047,1.836409,8.684034
221082332483285,ACC,-3.454939,1.924997,8.825297
221082334483018,ACC,-3.351985,2.049499,8.923462
221082333883356,MAG,31.679998,-4.740000,-39.480000
221082336482751,ACC,-3.308888,2.118933,8.949800
221082338482551,ACC,-3.241848,2.291321,8.971348
221082340482284,ACC,-3.196357,2.475680,8.959376
221082342482017,ACC,-3.174809,2.576240,8.942616
221082344481750,ACC,-3.105374,2.765387,8.928250
221082343882089,MAG,31.379999,-5.160000,-39.540001
221082346481483,ACC,-3.067066,2.961718,8.937828
221082348481216,ACC,-3.033546,3.055095,8.956982
221082350480949,ACC,-2.956929,3.229877,9.064724
221082352480682,ACC,-2.887496,3.356773,9.215564
221082354480482,ACC,-2.803696,3.462121,9.392740
221082353880822,MAG,31.679998,-4.980000,-39.419998
221082356480215,ACC,-2.765387,3.493247,9.495694
221082358479948,ACC,-2.710319,3.533950,9.689631
221082360479681,ACC,-2.683982,3.529161,9.778218
221082362479414,ACC,-2.593000,3.510007,9.948212
221082364479147,ACC,-2.497229,3.493247,10.082292
221082363879555,MAG,31.260000,-4.980000,-39.000000
221082366478880,ACC,-2.360755,3.478881,10.180456
221082368478613,ACC,-2.293715,3.442967,10.225947
221082370478413,ACC,-2.138088,3.404659,10.276228
221082372478179,ACC,-1.946545,3.371139,10.269045
221082374477945,ACC,-1.745426,3.337619,10.199611
221082373878255,MAG,31.559999,-5.160000,-39.059998
221082376477711,ACC,-1.637684,3.296916,10.154119
221082378477477,ACC,-1.410228,3.196357,10.029617
221082380477243,ACC,-1.300091,3.134106,9.957788
221082382477009,ACC,-1.084607,3.011998,9.816526
221082384476775,ACC,-0.871516,2.885101,9.718362
221082383877021,MAG,31.679998,-5.220000,-39.239998
221082386476608,ACC,-0.799688,2.825244,9.675264
221082388476374,ACC,-0.699128,2.712713,9.584282
221082390476140,ACC,-0.691945,2.631308,9.495694
221082392475906,ACC,-0.711100,2.602577,9.445415
221082394475672,ACC,-0.881093,2.561874,9.256267
221082393875787,MAG,31.320000,-5.700000,-38.879997
221082396475438,ACC,-0.952921,2.516383,9.069513
221082398475204,ACC,-1.012778,2.497229,8.990502
221082400475037,ACC,-1.134886,2.482863,8.913885
221082402474870,ACC,-1.249811,2.461314,8.942616
221082404474636,ACC,-1.331217,2.396669,9.045570
221082403874487,MAG,31.799999,-5.940000,-39.119999
221082406474402,ACC,-1.364737,2.363149,9.105427
221082408474168,ACC,-1.438959,2.288927,9.251478
221082410473934,ACC,-1.479662,2.253013,9.330489
221082412473700,ACC,-1.592193,2.150059,9.507666
221082414473466,ACC,-1.728666,2.051893,9.708784
221082413873253,MAG,31.559999,-6.420000,-39.180000
221082416473299,ACC,-1.814860,1.996825,9.804555
221082418473065,ACC,-1.963305,1.898660,10.017646
221082420472831,ACC,-2.111750,1.781340,10.242707
221082422472597,ACC,-2.253013,1.723878,10.455798
221082424472363,ACC,-2.348783,1.577827,10.666494
221082423872019,MAG,31.679998,-6.660000,-39.000000
221082426472129,ACC,-2.384698,1.534730,10.774237
221082428471895,ACC,-2.475680,1.470085,10.951413
221082430471661,ACC,-2.525960,1.448536,11.035213
221082432471461,ACC,-2.604971,1.391074,11.142955
221082434471194,ACC,-2.686376,1.367131,11.171686
221082433870719,MAG,31.619999,-6.780000,-39.299999
221082436470927,ACC,-2.739050,1.371920,11.152532
221082438470660,ACC,-2.842004,1.424594,11.075915
221082440470393,ACC,-2.913832,1.496422,10.963385
221082442470126,ACC,-2.944958,1.529942,10.862824
221082444469859,ACC,-2.995238,1.618530,10.685649
221082443869485,MAG,31.559999,-6.900000,-39.419998
221082446469592,ACC,-2.988055,1.692752,10.532414
221082448469392,ACC,-2.956929,1.731061,10.458193
221082450469125,ACC,-2.858764,1.798100,10.278622
221082452468858,ACC,-2.719896,1.860352,10.151725
221082454468591,ACC,-2.552297,1.910631,10.024829
221082453868251,MAG,31.559999,-7.020000,-39.000000
221082456468324,ACC,-2.473286,1.934574,9.955395
221082458468057,ACC,-2.308081,1.980065,9.806950
221082460467790,ACC,-2.178790,1.994431,9.684841
221082462467523,ACC,-2.116539,1.989642,9.613013
221082464467323,ACC,-2.008796,1.948940,9.459780
221082463867017,MAG,31.559999,-7.260000,-38.939999
221082466467056,ACC,-1.956123,1.946545,9.390346
221082468466789,ACC,-1.843592,1.898660,9.253872
221082470466522,ACC,-1.762186,1.829226,9.165284
221082472466255,ACC,-1.699935,1.781340,9.146130
221082474465988,ACC,-1.661627,1.642473,9.057542
221082473865783,MAG,31.679998,-7.620000,-39.000000
221082476465721,ACC,-1.656838,1.580221,9.031204
221082478465521,ACC,-1.652050,1.510787,9.007262
221082480465321,ACC,-1.673598,1.357554,8.997684
221082482465054,ACC,-1.764580,1.228263,8.983319
221082484464787,ACC,-1.853169,1.127703,8.983319
221082483864549,MAG,31.500000,-8.040000,-38.879997
221082486464520,ACC,-1.913026,1.082212,8.985713
221082488464253,ACC,-2.030345,0.981653,9.045570
221082490463986,ACC,-2.111750,0.895459,9.126976
221082492463719,ACC,-2.130905,0.845179,9.172467
221082494463519,ACC,-2.150059,0.756591,9.251478
221082493863315,MAG,31.740000,-8.099999,-39.419998
221082496463252,ACC,-2.174001,0.675186,9.354432
221082498462985,ACC,-2.181184,0.632089,9.411894
221082500462718,ACC,-2.181184,0.572232,9.517242
221082502462451,ACC,-2.190762,0.548289,9.624985
221082504462184,ACC,-2.221887,0.557866,9.718362
221082503862081,MAG,32.160000,-8.160000,-39.599998
221082506461917,ACC,-2.236253,0.572232,9.763853
221082508461650,ACC,-2.248224,0.632089,9.809344
221082510461450,ACC,-2.262590,0.672791,9.814133
221082512461183,ACC,-2.267378,0.744619,9.821315
221082514460916,ACC,-2.250618,0.799688,9.823709
221082513860781,MAG,32.219997,-8.220000,-39.719997
221082516460649,ACC,-2.250618,0.823631,9.818921
221082518460382,ACC,-2.255407,0.854756,9.823709
221082520460115,ACC,-2.241041,0.859545,9.850046
221082522459848,ACC,-2.238647,0.869122,9.876384
221082524459581,ACC,-2.253013,0.897853,10.020041
221082523859547,MAG,32.579998,-8.220000,-39.480000
221082526459381,ACC,-2.243435,0.888276,10.079897
221082528459114,ACC,-2.238647,0.869122,10.146936
221082530458847,ACC,-2.226676,0.837996,10.259467
221082532458580,ACC,-2.205127,0.821236,10.328901
221082534458313,ACC,-2.224281,0.802082,10.348056
221082533858313,MAG,32.820000,-8.820000,-39.239998
221082536458046,ACC,-2.229070,0.785322,10.314536
221082538457779,ACC,-2.250618,0.737437,10.218765
221082540457512,ACC,-2.264984,0.672791,10.082292
221082542457312,ACC,-2.260195,0.629694,10.017646
221082544457045,ACC,-2.284138,0.531529,9.917087
221082543857013,MAG,32.459999,-8.820000,-39.180000
221082546456778,ACC,-2.269773,0.428575,9.828498
221082548456511,ACC,-2.267378,0.380690,9.799767
221082550456244,ACC,-2.291321,0.289707,9.756670
221082552455977,ACC,-2.320052,0.208302,9.699207
221082554455710,ACC,-2.336812,0.153234,9.615408
221082553855779,MAG,32.340000,-9.179999,-38.399998
221082556455510,ACC,-2.346389,0.126897,9.555551
221082558455310,ACC,-2.399063,0.088588,9.450203
221082560455043,ACC,-2.430189,0.088588,9.392740
221082562454776,ACC,-2.502017,0.102954,9.256267
221082564454509,ACC,-2.530748,0.126897,9.172467
221082563854545,MAG,32.219997,-9.420000,-38.219997
221082566454242,ACC,-2.537931,0.131685,9.141341
221082568453975,ACC,-2.559480,0.134079,9.107821
221082570453708,ACC,-2.573845,0.131685,9.117398
221082572453508,ACC,-2.585817,0.141262,9.129370
221082574453308,ACC,-2.621731,0.153234,9.258660
221082573853311,MAG,32.099998,-9.240000,-37.739998
221082576453041,ACC,-2.614548,0.167599,9.308941
221082578452774,ACC,-2.595394,0.184359,9.354432
221082580452507,ACC,-2.502017,0.229850,9.466963
221082582452240,ACC,-2.389486,0.287313,9.589070
221082584451973,ACC,-2.255407,0.351958,9.694419
221082583852077,MAG,32.160000,-9.660000,-37.320000
221082586451706,ACC,-2.176396,0.390267,9.751882
221082588451506,ACC,-1.992037,0.490826,9.873989
221082590451239,ACC,-1.798100,0.588992,10.015251
221082592450972,ACC,-1.690358,0.639271,10.055954
221082594450705,ACC,-1.503605,0.718282,10.099051
221082593850843,MAG,32.099998,-9.840000,-37.619999
221082596450438,ACC,-1.312063,0.804476,10.144543
221082598450171,ACC,-1.218686,0.840390,10.146936
221082600449904,ACC,-1.017567,0.854756,10.168485
221082602449637,ACC,-0.837996,0.833208,10.144543
221082604449437,ACC,-0.679974,0.768562,10.130177
221082603849609,MAG,31.980000,-9.599999,-37.559998
221082606449170,ACC,-0.627300,0.725465,10.137360
221082608448903,ACC,-0.577020,0.598569,10.175668
221082610448636,ACC,-0.577020,0.509981,10.206794
221082612448369,ACC,-0.632089,0.292102,10.233130
221082614448102,ACC,-0.761379,0.083800,10.213976
221082613848375,MAG,31.799999,-9.719999,-37.559998
221082616447835,ACC,-0.847573,-0.007183,10.182851
221082618447568,ACC,-1.055875,-0.193936,10.065532
221082620447368,ACC,-1.295303,-0.380690,9.907509
221082622447101,ACC,-1.412622,-0.442941,9.823709
221082624446834,ACC,-1.810072,-0.567443,9.541185
221082623847075,MAG,31.619999,-9.660000,-37.439999
221082626446567,ACC,-1.944151,-0.598569,9.454991
221082628446300,ACC,-2.068653,-0.632089,9.392740
221082630446033,ACC,-2.355966,-0.689551,9.284998
221082632445766,ACC,-2.643279,-0.737437,9.229929
221082634445499,ACC,-2.940170,-0.742225,9.165284
221082633845841,MAG,31.980000,-9.900000,-37.439999
221082636445299,ACC,-3.081432,-0.751802,9.150918
221082638445032,ACC,-3.373533,-0.720677,9.153313
221082640444765,ACC,-3.658452,-0.706311,9.182044
221082642444498,ACC,-3.804503,-0.703917,9.217958
221082644444231,ACC,-4.108575,-0.696734,9.313729
221082643844607,MAG,32.219997,-10.500000,-37.619999
221082646443964,ACC,-4.395888,-0.720677,9.440625
221082648443697,ACC,-4.532362,-0.732648,9.517242
221082650443497,ACC,-4.819675,-0.778139,9.684841
221082652443297,ACC,-5.056708,-0.814053,9.854836
221082654443030,ACC,-5.221913,-0.837996,10.020041
221082653843307,MAG,32.219997,-10.740000,-37.860001
221082656442763,ACC,-5.272193,-0.837996,10.099051
221082658442496,ACC,-5.272193,-0.847573,10.271439
221082660442229,ACC,-5.233885,-0.854756,10.355239
221082662441962,ACC,-5.099805,-0.852362,10.506078
221082664441695,ACC,-4.896292,-0.847573,10.604243
221082663842073,MAG,32.639999,-11.160000,-37.919998
221082666441495,ACC,-4.755030,-0.842785,10.640158
221082668441228,ACC,-4.453351,-0.823631,10.690437
221082670440961,ACC,-4.122941,-0.792505,10.762265
221082672440694,ACC,-3.952948,-0.761379,10.779025
221082674440427,ACC,-3.462121,-0.665608,10.795785
221082673840806,MAG,32.759998,-10.980000,-37.680000
221082676440160,ACC,-3.316071,-0.622511,10.810151
221082678439893,ACC,-3.174809,-0.588992,10.829305
221082680439626,ACC,-2.897073,-0.555472,10.855642
221082682439426,ACC,-2.585817,-0.536318,10.843671
221082684439159,ACC,-2.317658,-0.519558,10.841276
221082683839472,MAG,32.520000,-10.679999,-37.619999
221082686438892,ACC,-2.190762,-0.524346,10.846065
221082688438625,ACC,-1.922603,-0.509981,10.822123
221082690438358,ACC,-1.788523,-0.521952,10.829305
221082692438091,ACC,-1.532336,-0.502798,10.862824
221082694437824,ACC,-1.297697,-0.426181,10.855642
221082693838205,MAG,32.459999,-11.040000,-37.259998
221082696437557,ACC,-1.103761,-0.392661,10.829305
221082698437357,ACC,-1.029538,-0.318439,10.798180
221082700437090,ACC,-0.876305,-0.191542,10.673677
221082702436823,ACC,-0.723071,-0.062251,10.534809
221082704436556,ACC,-0.651243,0.083800,10.405519
221082703836938,MAG,32.399998,-11.219999,-37.380001
221082706436289,ACC,-0.624906,0.131685,10.355239
221082708436022,ACC,-0.617723,0.198725,10.235525
221082710435755,ACC,-0.620117,0.220273,10.173274
221082712435488,ACC,-0.677580,0.222668,10.048771
221082714435288,ACC,-0.747014,0.174782,9.967366
221082713835671,MAG,31.500000,-11.580000,-37.380001
221082716435021,ACC,-0.804476,0.122108,9.941029
221082718434754,ACC,-0.943344,0.011971,9.905115
221082720434487,ACC,-1.122915,-0.124502,9.883567
221082722434220,ACC,-1.249811,-0.203513,9.900327
221082724433953,ACC,-1.747821,-0.390267,10.065532
221082723834404,MAG,31.260000,-12.240000,-37.259998
221082726433686,ACC,-1.953728,-0.612934,10.168485
221082728433486,ACC,-2.169213,-0.730254,10.269045
221082730433286,ACC,-2.657645,-0.948133,10.451010
221082732433019,ACC,-3.198751,-1.120521,10.565935
221082734432752,ACC,-3.802108,-1.242629,10.616215
221082733833137,MAG,31.139999,-12.240000,-37.799999
221082736432485,ACC,-4.091815,-1.295303,10.613820
221082738432218,ACC,-4.659259,-1.355160,10.580300
221082740431951,ACC,-4.915446,-1.352765,10.532414
221082742431684,ACC,-5.375147,-1.324034,10.417490
221082744431484,ACC,-5.729500,-1.280937,10.264256
221082743831870,MAG,30.420000,-12.540000,-37.680000
221082746431217,ACC,-5.980898,-1.247417,10.182851
221082748430950,ACC,-6.064698,-1.218686,9.996098
221082750430683,ACC,-6.141315,-1.197137,9.816526
221082752430416,ACC,-6.131738,-1.185166,9.696813
221082754430149,ACC,-6.040755,-1.201926,9.603436
221082753830603,MAG,30.779999,-12.960000,-37.799999
221082756429882,ACC,-5.968927,-1.218686,9.581888
221082758429615,ACC,-5.777385,-1.216292,9.567522
221082760429415,ACC,-5.559506,-1.206715,9.574705
221082762429148,ACC,-5.463735,-1.197137,9.591465
221082764428881,ACC,-5.224308,-1.139675,9.663293
221082763829269,MAG,30.480000,-13.139999,-37.980000
221082766428614,ACC,-5.099805,-1.115732,9.713573
221082768428347,ACC,-4.817281,-1.031932,9.835681
221082770428080,ACC,-4.403071,-0.945739,9.953000
221082772427813,ACC,-4.168432,-0.912219,10.012857
221082774427546,ACC,-3.665635,-0.845179,10.113417
221082773828002,MAG,30.719999,-13.500000,-37.619999
221082776427346,ACC,-3.155654,-0.763774,10.163696
221082778427112,ACC,-2.892284,-0.725465,10.180456
221082780426878,ACC,-2.353572,-0.634483,10.182851
221082782426644,ACC,-1.836409,-0.529135,10.178062
221082784426410,ACC,-1.379102,-0.428575,10.190034
221082783826768,MAG,30.840000,-13.440000,-37.680000
221082786426176,ACC,-1.151646,-0.371113,10.204399
221082788425942,ACC,-0.737437,-0.282524,10.211582
221082790425708,ACC,-0.567443,-0.244216,10.194822
221082792425541,ACC,-0.282524,-0.220273,10.113417
221082794425307,ACC,-0.067040,-0.237033,10.022434
221082793825468,MAG,30.359999,-13.380000,-37.619999
221082796425073,ACC,0.011971,-0.275342,10.005674
221082798424839,ACC,0.153234,-0.414210,10.027223
221082800424605,ACC,0.258582,-0.610540,10.039194
221082802424371,ACC,0.349564,-0.718282,10.043983
221082804424137,ACC,0.426181,-1.007990,9.972155
221082803824234,MAG,30.000000,-13.440000,-37.500000
221082806423970,ACC,0.459701,-1.110944,9.914692
221082808423803,ACC,0.488432,-1.288120,9.773430
221082810423569,ACC,0.488432,-1.371920,9.703996
221082812423335,ACC,0.464489,-1.525153,9.538791
221082814423101,ACC,0.421392,-1.652050,9.397529
221082813823000,MAG,29.459999,-13.559999,-37.860001
221082816422867,ACC,0.378295,-1.714301,9.323306
221082818422633,ACC,0.265765,-1.845986,9.143736
221082820422399,ACC,0.136474,-1.987248,8.978531
221082822422232,ACC,0.057463,-2.078231,8.909097
221082824422065,ACC,-0.119714,-2.262590,8.736709
221082823821766,MAG,29.580000,-13.559999,-37.860001
221082826421831,ACC,-0.356747,-2.468497,8.588264
221082828421597,ACC,-0.498009,-2.573845,8.523619
221082830421363,ACC,-0.782928,-2.786936,8.403905
221082832421129,ACC,-1.063058,-2.978478,8.358414
221082834420895,ACC,-1.359948,-3.172414,8.379962
221082833820532,MAG,29.580000,-13.860000,-37.860001
221082836420661,ACC,-1.505999,-3.261002,8.403905
221082838420461,ACC,-1.802889,-3.399870,8.413482
221082840420194,ACC,-1.936968,-3.440573,8.391933
221082842419927,ACC,-2.154847,-3.483670,8.365596
221082844419660,ACC,-2.334418,-3.486064,8.348836
221082843819298,MAG,29.760000,-14.099999,-37.980000
221082846419393,ACC,-2.399063,-3.457333,8.372779
221082848419126,ACC,-2.499623,-3.361562,8.470944
221082850418859,ACC,-2.485257,-3.232271,8.605023
221082852418592,ACC,-2.439766,-3.148471,8.676852
221082854418392,ACC,-2.188367,-2.842004,8.909097
221082853818064,MAG,30.299999,-14.460000,-37.739998
221082856418125,ACC,-2.051893,-2.722291,8.992896
221082858417858,ACC,-1.695147,-2.593000,9.165284
221082860417591,ACC,-1.455719,-2.332024,9.227535
221082862417324,ACC,-0.969681,-2.047105,9.380769
221082864417057,ACC,-0.442941,-1.762186,9.557945
221082863816830,MAG,30.240000,-14.940000,-37.799999
221082866416790,ACC,-0.162811,-1.606558,9.644139
221082868416523,ACC,0.385478,-1.278543,9.833286
221082870416323,ACC,0.857150,-0.933767,10.020041
221082872416056,ACC,1.075029,-0.749408,10.115811
221082874415789,ACC,1.450930,-0.409421,10.281016
221082873815530,MAG,30.359999,-15.179999,-37.559998
221082876415522,ACC,1.757398,-0.074223,10.407912
221082878415255,ACC,1.872323,0.079011,10.455798
221082880414988,ACC,2.025557,0.390267,10.546781
221082882414721,ACC,2.128510,0.641666,10.628186
221082884414454,ACC,2.147665,0.876305,10.659311
221082883814296,MAG,30.299999,-15.960000,-37.259998
221082886414254,ACC,2.147665,0.974470,10.664100
221082888413987,ACC,2.087808,1.096578,10.652128
221082890413720,ACC,2.035134,1.146858,10.642551
221082892413453,ACC,1.901054,1.221080,10.611426
221082894413186,ACC,1.766975,1.242629,10.558752
221082893813062,MAG,29.340000,-16.559999,-37.200001
221082896412919,ACC,1.692752,1.228263,10.527626
221082898412652,ACC,1.517970,1.127703,10.415095
221082900412452,ACC,1.333611,1.017567,10.247497
221082902412252,ACC,1.245023,0.948133,10.156514
221082904411985,ACC,0.964893,0.723071,9.840469
221082903811762,MAG,28.559999,-16.920000,-37.200001
221082906411718,ACC,0.871516,0.639271,9.720756
221082908411451,ACC,0.782928,0.553077,9.608225
221082910411184,ACC,0.603357,0.359141,9.423865
221082912410917,ACC,0.402238,0.076617,9.354432
221082914410650,ACC,0.208302,-0.287313,9.354432
221082913810528,MAG,28.139999,-16.920000,-37.500000
221082916410450,ACC,0.119714,-0.488432,9.347249
221082918410183,ACC,-0.088588,-0.919402,9.256267
221082920409916,ACC,-0.294496,-1.355160,9.081485
221082922409649,ACC,-0.397450,-1.573039,8.973742
221082924409382,ACC,-0.608146,-2.004008,8.782200
221082923809294,MAG,28.199999,-16.740000,-37.320000
221082926409115,ACC,-0.804476,-2.367938,8.605023
221082928408848,ACC,-0.909824,-2.533143,8.537984
221082930408581,ACC,-1.077424,-2.822850,8.456578
221082932408381,ACC,-1.209109,-3.055095,8.344048
221082934408114,ACC,-1.316851,-3.222694,8.245882
221082933807994,MAG,28.199999,-16.379999,-37.079998
221082936407847,ACC,-1.357554,-3.277762,8.217151
221082938407580,ACC,-1.419805,-3.344802,8.188420
221082940407313,ACC,-1.429382,-3.366350,8.236305
221082942407046,ACC,-1.441353,-3.356773,8.281796
221082944406779,ACC,-1.450930,-3.313676,8.442213
221082943806760,MAG,28.680000,-16.379999,-36.599998
221082946406512,ACC,-1.443748,-3.280156,8.566715
221082948406312,ACC,-1.419805,-3.196357,8.820508
221082950406045,ACC,-1.362342,-3.107769,9.117398
221082952405778,ACC,-1.324034,-3.067066,9.265843
221082954405511,ACC,-1.132492,-2.904255,9.646533
221082953805526,MAG,29.219999,-16.500000,-36.419998
221082956405244,ACC,-1.051087,-2.846793,9.754275
221082958404977,ACC,-0.974470,-2.789330,9.854836
221082960404710,ACC,-0.782928,-2.686376,9.993703
221082962404443,ACC,-0.555472,-2.583422,10.082292
221082964404243,ACC,-0.316044,-2.468497,10.185245
221082963804292,MAG,29.340000,-16.680000,-36.599998
221082966403976,ACC,-0.181965,-2.413429,10.242707
221082968403709,ACC,0.102954,-2.288927,10.367210
221082970403442,ACC,0.395055,-2.178790,10.467770
221082972403175,ACC,0.543500,-2.116539,10.518049
221082974402908,ACC,0.847573,-1.982460,10.604243
221082973803058,MAG,29.879999,-16.920000,-37.139999
221082976402641,ACC,1.180377,-1.848380,10.637763
221082978402441,ACC,1.345582,-1.795706,10.632975
221082980402241,ACC,1.659232,-1.692752,10.582695
221082982401974,ACC,1.898660,-1.606558,10.498895
221082984401707,ACC,2.044711,-1.508393,10.383970
221082983801824,MAG,29.939999,-17.219999,-37.500000
221082986401440,ACC,2.102173,-1.455719,10.319324
221082988401173,ACC,2.135693,-1.381497,10.194822
221082990400906,ACC,2.114145,-1.343188,10.127783
221082992400639,ACC,1.992037,-1.283331,10.010463
221082994400439,ACC,1.769369,-1.247417,9.921875
221082993800590,MAG,29.459999,-17.699999,-37.259998
221082996400239,ACC,1.613741,-1.247417,9.890749
221082998399972,ACC,1.271360,-1.290514,9.850046
221083000399705,ACC,0.912219,-1.352765,9.802161
221083002399438,ACC,0.720677,-1.381497,9.780613
221083004399171,ACC,0.196331,-1.520365,9.692024
221083003799356,MAG,29.459999,-17.940001,-36.959999
221083006398904,ACC,0.052674,-1.577827,9.692024
221083008398637,ACC,-0.079011,-1.640078,9.703996
221083010398437,ACC,-0.318439,-1.762186,9.787795
221083012398170,ACC,-0.447729,-1.896266,9.924269
221083014397903,ACC,-0.481249,-2.078231,10.103840
221083013798056,MAG,29.039999,-17.940001,-36.360001
221083016397636,ACC,-0.469278,-2.181184,10.221159
221083018397369,ACC,-0.380690,-2.406246,10.501289
221083020397102,ACC,-0.234639,-2.525960,10.632975
221083022396835,ACC,-0.134079,-2.777359,10.889162
221083024396568,ACC,0.102954,-3.043123,11.128590
221083023796822,MAG,29.340000,-18.119999,-35.939999
221083026396368,ACC,0.366324,-3.284945,11.375199
221083028396134,ACC,0.519558,-3.395082,11.478153
221083030395900,ACC,0.833208,-3.629721,11.648147
221083032395666,ACC,1.151646,-3.811686,11.696033
221083034395432,ACC,1.479662,-3.909851,11.633781
221083033795622,MAG,29.160000,-17.760000,-36.000000
221083036395198,ACC,1.652050,-3.938582,11.557164
221083038394964,ACC,1.980065,-3.931399,11.356046
221083040394730,ACC,2.135693,-3.924217,11.245909
221083042394563,ACC,2.470892,-3.888302,11.028029
221083044394429,ACC,2.796513,-3.794926,10.846065
221083043794455,MAG,28.920000,-17.699999,-35.820000
221083046394295,ACC,2.944958,-3.756617,10.767054
221083048394161,ACC,3.225088,-3.694366,10.666494
221083050394027,ACC,3.476487,-3.605778,10.601849
221083052393893,ACC,3.603384,-3.553104,10.558752
221083054393759,ACC,3.845205,-3.457333,10.419884
221083053793355,MAG,28.799999,-18.119999,-35.820000
221083056393625,ACC,3.890697,-3.371139,10.386364
221083058393558,ACC,3.921822,-3.325648,10.364816
221083060393491,ACC,3.921822,-3.268185,10.364816
221083062393424,ACC,3.888302,-3.246637,10.431855
221083064393357,ACC,3.835628,-3.237060,10.563540
221083063792321,MAG,28.320000,-18.299999,-36.119999
221083066393290,ACC,3.806897,-3.263397,10.628186
221083068393223,ACC,3.751829,-3.349591,10.788602
221083070393156,ACC,3.730280,-3.390293,10.877191
221083072393156,ACC,3.713520,-3.474093,11.051972
221083074393156,ACC,3.665635,-3.584229,11.212389
221083073791287,MAG,28.439999,-18.480000,-35.939999
221083076393122,ACC,3.639298,-3.634509,11.387171
221083078393088,ACC,3.636904,-3.756617,11.463788
221083080393054,ACC,3.629721,-3.847600,11.549982
221083082393020,ACC,3.600989,-3.881119,11.612233
221083084392986,ACC,3.581835,-3.881119,11.636175
221083083790253,MAG,28.320000,-18.539999,-36.000000
221083086392952,ACC,3.562681,-3.840417,11.633781
221083088392952,ACC,3.531555,-3.766194,11.624205
221083090392918,ACC,3.507613,-3.708732,11.619415
221083092392884,ACC,3.440573,-3.553104,11.607444
221083094392850,ACC,3.316071,-3.404659,11.609838
221083093789253,MAG,28.500000,-18.240000,-36.239998
221083096392816,ACC,3.227483,-3.335225,11.619415
221083098392782,ACC,3.026363,-3.191568,11.686456
221083100392748,ACC,2.794119,-3.031152,11.775043
221083102392714,ACC,2.686376,-2.961718,11.827718
221083104392647,ACC,2.351178,-2.822850,11.957008
221083103788253,MAG,28.500000,-17.760000,-36.180000
221083106392580,ACC,2.226676,-2.672011,12.131790
221083108392513,ACC,2.097385,-2.607365,12.217984
221083110392446,ACC,1.798100,-2.509200,12.371218
221083112392379,ACC,1.486845,-2.411035,12.490932
221083114392312,ACC,1.182772,-2.317658,12.596280
221083113787319,MAG,28.379999,-17.940001,-36.480000
221083116392245,ACC,1.029538,-2.288927,12.648953
221083118392178,ACC,0.754197,-2.221887,12.751907
221083120392111,ACC,0.524346,-2.190762,12.838101
221083122391977,ACC,0.416604,-2.197944,12.881199
221083124391843,ACC,0.249005,-2.185973,12.943450
221083123786319,MAG,28.199999,-18.000000,-36.779999
221083126391709,ACC,0.129291,-2.178790,12.960210
221083128391575,ACC,0.071828,-2.171607,12.991335
221083130391441,ACC,-0.007183,-2.159636,13.008095
221083132391307,ACC,-0.100560,-2.152453,12.955421
221083134391173,ACC,-0.201119,-2.087808,12.862044
221083133785385,MAG,28.080000,-17.820000,-36.360001
221083136391073,ACC,-0.258582,-2.061471,12.792610
221083138390906,ACC,-0.397450,-2.006402,12.605857
221083140390739,ACC,-0.469278,-1.989642,12.498115
221083142390572,ACC,-0.632089,-1.932180,12.268264
221083144390405,ACC,-0.804476,-1.862746,12.021654
221083143784451,MAG,27.840000,-17.940001,-36.119999
221083146390238,ACC,-0.897853,-1.826832,11.906729
221083148390071,ACC,-1.089395,-1.778946,11.672090
221083150389937,ACC,-1.266571,-1.719089,11.456605
221083152389803,ACC,-1.326428,-1.695147,11.363228
221083154389603,ACC,-1.431776,-1.649655,11.186052
221083153783451,MAG,27.959999,-17.760000,-35.639999
221083156389403,ACC,-1.505999,-1.611347,11.001693
221083158389203,ACC,-1.517970,-1.596981,10.901134
221083160389003,ACC,-1.520365,-1.558673,10.688043
221083162388803,ACC,-1.443748,-1.546702,10.491713
221083164388603,ACC,-1.302485,-1.551490,10.288198
221083163782517,MAG,27.959999,-17.459999,-35.340000
221083166388403,ACC,-1.223474,-1.556279,10.206794
221083168388136,ACC,-1.034327,-1.589798,10.075109
221083170387869,ACC,-0.928979,-1.599376,10.039194
221083172387602,ACC,-0.730254,-1.649655,9.969760
221083174387335,ACC,-0.598569,-1.699935,9.905115
221083173781583,MAG,27.599998,-17.520000,-35.340000
221083176387068,ACC,-0.536318,-1.726272,9.862018
221083178386801,ACC,-0.459701,-1.764580,9.754275
221083180386534,ACC,-0.452518,-1.786129,9.651321
221083182386334,ACC,-0.495615,-1.790918,9.598648
221083184386067,ACC,-0.572232,-1.766975,9.459780
221083183780583,MAG,27.900000,-18.000000,-35.399998
221083186385800,ACC,-0.622511,-1.757398,9.426260
221083188385533,ACC,-0.751802,-1.769369,9.385557
221083190385266,ACC,-0.821236,-1.766975,9.366403
221083192384999,ACC,-0.993624,-1.738243,9.328094
221083194384732,ACC,-1.175589,-1.721484,9.294575
221083193779649,MAG,28.139999,-18.119999,-35.520000
221083196384465,ACC,-1.276148,-1.699935,9.263450
221083198384265,ACC,-1.484450,-1.659232,9.229929
221083200383998,ACC,-1.637684,-1.608953,9.237112
221083202383731,ACC,-1.714301,-1.575433,9.263450
221083204383464,ACC,-1.795706,-1.510787,9.318518
221083203778715,MAG,29.160000,-18.539999,-34.919998
221083206383197,ACC,-1.824437,-1.429382,9.380769
221083208382930,ACC,-1.812466,-1.395862,9.416683
221083210382663,ACC,-1.731061,-1.331217,9.466963
221083212382396,ACC,-1.568250,-1.283331,9.510059
221083214382196,ACC,-1.345582,-1.240234,9.471751
221083213777781,MAG,30.240000,-18.779999,-34.500000
221083216381929,ACC,-1.240234,-1.228263,9.409500
221083218381662,ACC,-1.036721,-1.211503,9.284998
221083220381395,ACC,-0.936161,-1.194743,9.229929
221083222381128,ACC,-0.694340,-1.158829,9.124581
221083224380861,ACC,-0.452518,-1.113338,9.067119
221083223776847,MAG,30.779999,-18.539999,-34.020000
221083226380594,ACC,-0.306467,-1.089395,9.088667
221083228380394,ACC,-0.019154,-1.043904,9.167678
221083230380194,ACC,0.282524,-0.986441,9.261055
221083232379927,ACC,0.433364,-0.962498,9.292180
221083234379660,ACC,0.821236,-0.876305,9.364009
221083233775913,MAG,30.959999,-18.660000,-33.959999
221083236379393,ACC,0.926584,-0.837996,9.364009
221083238379126,ACC,1.106155,-0.804476,9.335278
221083240378859,ACC,1.180377,-0.747014,9.299363
221083242378592,ACC,1.278543,-0.682368,9.203592
221083244378392,ACC,1.340794,-0.624906,9.057542
221083243774979,MAG,30.840000,-18.660000,-34.139999
221083246378192,ACC,1.367131,-0.598569,8.988108
221083248377925,ACC,1.424594,-0.557866,8.889942
221083250377658,ACC,1.489239,-0.490826,8.858817
221083252377391,ACC,1.532336,-0.459701,8.856422
221083254377124,ACC,1.604164,-0.423787,8.889942
221083253774045,MAG,30.660000,-18.660000,-34.320000
221083256376857,ACC,1.654444,-0.390267,8.909097
221083258376590,ACC,1.678387,-0.373507,8.906702
221083260376390,ACC,1.733455,-0.332804,8.899520
221083262376123,ACC,1.752609,-0.270553,8.858817
221083264375856,ACC,1.762186,-0.189148,8.825297
221083263773045,MAG,30.959999,-18.779999,-34.439999
221083266375589,ACC,1.740638,-0.146051,8.786988
221083268375322,ACC,1.673598,-0.098165,8.729526
221083270375055,ACC,1.632895,-0.076617,8.707977
221083272374788,ACC,1.501210,-0.052674,8.636149
221083274374521,ACC,1.347977,-0.031126,8.600235
221083273772111,MAG,31.080000,-18.719999,-34.200001
221083276374321,ACC,1.271360,-0.023943,8.578687
221083278374054,ACC,1.110944,-0.059857,8.530801
221083280373787,ACC,0.950527,-0.098165,8.466156
221083282373520,ACC,0.842785,-0.100560,8.451790
221083284373253,ACC,0.543500,-0.102954,8.451790
221083283771177,MAG,31.320000,-18.420000,-34.500000
221083286372986,ACC,0.440547,-0.105348,8.478127
221083288372719,ACC,0.344776,-0.102954,8.514041
221083290372452,ACC,0.141262,-0.086194,8.633755
221083292372252,ACC,-0.009577,-0.079011,8.741497
221083294371985,ACC,-0.158022,-0.035914,8.849239
221083293770177,MAG,31.139999,-17.940001,-34.439999
221083296371718,ACC,-0.213090,-0.023943,8.904308
221083298371451,ACC,-0.313650,-0.002394,8.964165
221083300371184,ACC,-0.430969,0.043097,9.009656
221083302370917,ACC,-0.490826,0.079011,9.024022
221083304370650,ACC,-0.588992,0.138868,9.071907
221083303769243,MAG,31.439999,-17.760000,-34.559998
221083306370383,ACC,-0.687157,0.227456,9.081485
221083308370183,ACC,-0.737437,0.272947,9.098245
221083310369916,ACC,-0.804476,0.385478,9.182044
221083312369649,ACC,-0.816448,0.481249,9.284998
221083314369382,ACC,-0.773351,0.565049,9.397529
221083313768309,MAG,31.799999,-17.639999,-34.739998
221083316369115,ACC,-0.732648,0.608146,9.462174
221083318368848,ACC,-0.543500,0.677580,9.560339
221083320368581,ACC,-0.423787,0.701523,9.603436
221083322368381,ACC,-0.134079,0.725465,9.658504
221083324368181,ACC,0.227456,0.723071,9.682447
221083323767375,MAG,31.559999,-17.459999,-34.919998
221083326367914,ACC,0.407027,0.708705,9.680053
221083328367647,ACC,0.763774,0.663214,9.663293
221083330367380,ACC,1.053481,0.600963,9.653716
221083332367113,ACC,1.170800,0.567443,9.668081
221083334366846,ACC,1.333611,0.418998,9.828498
221083333766408,MAG,32.219997,-17.699999,-35.040001
221083336366579,ACC,1.331217,0.366324,9.900327
221083338366379,ACC,1.297697,0.311256,9.969760
221083340366112,ACC,1.192349,0.229850,10.111023
221083342365845,ACC,0.979258,0.177176,10.249890
221083344365578,ACC,0.761379,0.184359,10.391152
221083343765341,MAG,31.799999,-17.219999,-34.680000
221083346365311,ACC,0.636877,0.205908,10.448615
221083348365044,ACC,0.411815,0.272947,10.530021
221083350364777,ACC,0.201119,0.304073,10.573117
221083352364510,ACC,0.088588,0.390267,10.592272
221083354364310,ACC,-0.114925,0.483644,10.609032
221083353764274,MAG,32.099998,-17.219999,-34.860001
221083356364043,ACC,-0.320833,0.581809,10.652128
221083358363776,ACC,-0.423787,0.622511,10.692831
221083360363509,ACC,-0.646454,0.691945,10.776631
221083362363242,ACC,-0.866727,0.749408,10.913105
221083364362975,ACC,-1.101366,0.833208,11.063944
221083363763140,MAG,32.219997,-17.039999,-34.439999
221083366362808,ACC,-1.223474,0.878699,11.152532
221083368362541,ACC,-1.479662,0.964893,11.298583
221083370362341,ACC,-1.589798,1.019961,11.353651
221083372362074,ACC,-1.786129,1.170800,11.413508
221083374361807,ACC,-1.960911,1.328822,11.423085
221083373761940,MAG,31.740000,-16.920000,-34.320000
221083376361540,ACC,-2.042316,1.412622,11.399142
221083378361273,ACC,-2.178790,1.611347,11.291400
221083380361006,ACC,-2.255407,1.783735,11.152532
221083382360739,ACC,-2.245830,1.857957,11.042396
221083384360472,ACC,-2.030345,2.054288,10.568329
221083383760773,MAG,32.399998,-17.100000,-34.680000
221083386360272,ACC,-1.874717,2.085413,10.379181
221083388360005,ACC,-1.685570,2.099779,10.182851
221083390359738,ACC,-1.199532,2.123722,9.739910
221083392359471,ACC,-0.586597,2.123722,9.234718
221083394359204,ACC,0.119714,2.092596,8.786988
221083393759573,MAG,32.160000,-17.100000,-34.259998
221083396358937,ACC,0.476461,2.080625,8.590658
221083398358670,ACC,1.201926,2.080625,8.334471
221083400358470,ACC,1.881900,2.085413,8.243488
221083402358270,ACC,2.197944,2.094990,8.109408
221083404358003,ACC,2.753416,2.150059,8.011244
221083403758306,MAG,32.340000,-17.279999,-34.079998
221083406357736,ACC,3.184386,2.209916,7.920261
221083408357469,ACC,3.347196,2.245830,7.860404
221083410357202,ACC,3.555498,2.351178,7.757451
221083412356935,ACC,3.593807,2.473286,7.637737
221083414356668,ACC,3.464516,2.612154,7.616188
221083413757039,MAG,33.119999,-17.459999,-34.020000
221083416356468,ACC,3.332830,2.681588,7.652102
221083418356201,ACC,2.968901,2.844398,7.776605
221083420355934,ACC,2.513988,3.040729,7.932232
221083422355667,ACC,2.250618,3.126923,8.023215
221083424355400,ACC,1.726272,3.282551,8.183631
221083423755772,MAG,32.880001,-17.459999,-33.660000
221083426355033,ACC,1.455719,3.349591,8.279403
221083428354766,ACC,0.991230,3.459727,8.504464
221083430354499,ACC,0.588992,3.524373,8.842057
221083432354299,ACC,0.409421,3.555498,9.028811
221083434354032,ACC,0.040703,3.567469,9.634562
221083433754438,MAG,32.700001,-17.160000,-33.719997
221083436353765,ACC,-0.038308,3.581835,9.866806
221083438353498,ACC,-0.107742,3.560287,10.108628
221083440353231,ACC,-0.203513,3.490853,10.611426
221083442352964,ACC,-0.215485,3.385504,11.071127
221083444352697,ACC,-0.222668,3.261002,11.475760
221083443753171,MAG,32.759998,-17.039999,-33.719997
221083446352430,ACC,-0.208302,3.198751,11.664907
221083448352230,ACC,-0.169994,3.095797,11.983345
221083450351963,ACC,-0.160416,3.057489,12.122213
221083452351696,ACC,-0.110137,2.990449,12.399949
221083454351429,ACC,-0.033520,2.932987,12.660925
221083453751904,MAG,32.700001,-16.500000,-33.719997
221083456351162,ACC,0.047885,2.913832,12.792610
221083458350895,ACC,0.090982,2.947352,13.044009
221083460350628,ACC,0.222668,3.009604,13.283437
221083462350361,ACC,0.363930,3.100586,13.508498
221083464350194,ACC,0.498009,3.227483,13.731166
221083463750670,MAG,32.880001,-16.080000,-34.200001
221083466349927,ACC,0.577020,3.299311,13.836514
221083468349660,ACC,0.718282,3.433390,14.018479
221083470349393,ACC,0.790111,3.502824,14.095096
221083472349126,ACC,0.909824,3.634509,14.164530
221083474348859,ACC,1.003201,3.725492,14.099884
221083473749403,MAG,33.360001,-15.960000,-34.500000
221083476348592,ACC,1.072635,3.754223,14.028056
221083478348392,ACC,1.242629,3.775771,13.793417
221083480348192,ACC,1.460508,3.708732,13.424699
221083482347925,ACC,1.589798,3.648875,13.199637
221083484347658,ACC,2.030345,3.490853,12.756696
221083483748136,MAG,33.540001,-15.839999,-34.680000
221083486347391,ACC,2.190762,3.265791,12.318543
221083488347124,ACC,2.351178,3.153260,12.088694
221083490346857,ACC,2.640885,2.937775,11.617022
221083492346590,ACC,2.901861,2.758204,11.205206
221083494346390,ACC,3.177203,2.624125,10.874796
221083493746869,MAG,33.360001,-16.020000,-35.040001
221083496346190,ACC,3.299311,2.566663,10.735929
221083498345956,ACC,3.531555,2.470892,10.460587
221083500345722,ACC,3.627326,2.442160,10.328901
221083502345488,ACC,3.792531,2.434978,10.041589
221083504345254,ACC,3.912245,2.525960,9.737515
221083503745635,MAG,33.119999,-15.960000,-35.160000
221083506345020,ACC,3.960130,2.602577,9.586677
221083508344786,ACC,3.976891,2.798907,9.311335
221083510344619,ACC,3.929005,3.021575,8.985713
221083512344385,ACC,3.787743,3.148471,8.616995
221083514344151,ACC,3.598595,3.481276,8.238700
221083513744335,MAG,32.759998,-16.020000,-34.980000
221083516343917,ACC,3.486064,3.579441,8.051947
221083518343683,ACC,3.270579,3.747040,7.716748
221083520343449,ACC,3.081432,3.890697,7.467743
221083522343215,ACC,3.004815,3.952948,7.393521
221083524342948,ACC,2.892284,4.055902,7.324087
221083523743101,MAG,32.459999,-16.020000,-34.980000
221083526342781,ACC,2.849187,4.079844,7.314509
221083528342547,ACC,2.746233,4.087027,7.362395
221083530342313,ACC,2.643279,4.058296,7.544360
221083532342079,ACC,2.590605,4.031959,7.671257
221083534341845,ACC,2.466103,3.917034,8.013638
221083533741867,MAG,32.160000,-15.960000,-34.680000
221083536341611,ACC,2.351178,3.773377,8.435030
221083538341377,ACC,2.286532,3.696760,8.664881
221083540341143,ACC,2.140482,3.519584,9.126976
221083542340976,ACC,1.970488,3.380716,9.562734
221083544340742,ACC,1.762186,3.234665,9.981731
221083543740567,MAG,32.160000,-16.020000,-34.680000
221083546340508,ACC,1.642473,3.184386,10.197216
221083548340274,ACC,1.362342,3.136500,10.551569
221083550340040,ACC,1.218686,3.129317,10.695226
221083552339806,ACC,0.907430,3.150866,10.937047
221083554339572,ACC,0.610540,3.227483,11.119012
221083553739333,MAG,32.099998,-15.780000,-34.860001
221083556339338,ACC,0.462095,3.289734,11.183658
221083558339138,ACC,0.208302,3.435784,11.289005
221083560338871,ACC,-0.023943,3.581835,11.370411
221083562338604,ACC,-0.134079,3.658452,11.403931
221083564338337,ACC,-0.373507,3.866754,11.358439
221083563738099,MAG,32.160000,-15.420000,-34.799999
221083566338070,ACC,-0.421392,3.914639,11.300977
221083568337803,ACC,-0.435758,3.950553,11.087887
221083570337536,ACC,-0.402238,3.986468,10.953807
221083572337336,ACC,-0.277736,3.929005,10.623397
221083574337136,ACC,-0.021548,3.747040,10.209188
221083573736865,MAG,32.099998,-15.059999,-35.099998
221083576336869,ACC,0.150839,3.600989,9.969760
221083578336602,ACC,0.557866,3.268185,9.471751
221083580336335,ACC,1.034327,2.880313,9.021627
221083582336068,ACC,1.278543,2.688771,8.818114
221083584335801,ACC,1.771763,2.308081,8.468550
221083583735631,MAG,31.920000,-14.759999,-34.919998
221083586335534,ACC,2.286532,1.956123,8.188420
221083588335334,ACC,2.564268,1.800495,8.068707
221083590335067,ACC,3.167626,1.537124,7.819702
221083592334800,ACC,3.806897,1.352765,7.585063
221083594334533,ACC,4.479688,1.271360,7.381549
221083593734397,MAG,32.520000,-14.940000,-35.279999
221083596334266,ACC,4.829252,1.268966,7.297750
221083598333999,ACC,5.523592,1.297697,7.108602
221083600333732,ACC,6.191595,1.369525,6.890723
221083602333465,ACC,6.505245,1.417411,6.780586
221083604333265,ACC,7.020014,1.455719,6.495667
221083603733163,MAG,32.399998,-14.639999,-35.639999
221083606332998,ACC,7.185219,1.443748,6.340040
221083608332731,ACC,7.290567,1.398257,5.947379
221083610332464,ACC,7.058322,1.324034,5.607392
221083612332197,ACC,6.835655,1.278543,5.533169
221083614331930,ACC,5.839636,1.139675,5.552323
221083613731929,MAG,32.579998,-14.280000,-35.700001
221083616331663,ACC,5.439792,1.108549,5.631334
221083618331396,ACC,4.580248,1.087001,5.736682
221083620331196,ACC,4.137307,1.055875,6.023995
221083622330929,ACC,3.299311,1.089395,6.368771
221083624330662,ACC,2.513988,1.187560,6.713547
221083623730629,MAG,32.219997,-14.280000,-36.299999
221083626330395,ACC,2.150059,1.247417,6.888329
221083628330128,ACC,1.508393,1.403045,7.283384
221083630329861,ACC,0.988836,1.635290,7.745479
221083632329594,ACC,0.766168,1.781340,8.004061
221083634329327,ACC,0.442941,2.114145,8.516436
221083633729395,MAG,31.500000,-13.679999,-35.939999
221083636329127,ACC,0.234639,2.442160,8.952193
221083638328860,ACC,0.158022,2.609760,9.136553
221083640328593,ACC,0.081405,2.932987,9.423865
221083642328326,ACC,0.074223,3.177203,9.581888
221083644328059,ACC,0.059857,3.399870,9.658504
221083643728161,MAG,31.080000,-13.500000,-36.000000
221083646327792,ACC,0.057463,3.498035,9.675264
221083648327525,ACC,0.059857,3.701549,9.727939
221083650327325,ACC,0.067040,3.785348,9.775824
221083652327125,ACC,0.069434,3.974496,9.883567
221083654326858,ACC,0.095771,4.158855,10.046377
221083653726861,MAG,30.779999,-13.320000,-36.419998
221083656326591,ACC,0.102954,4.249838,10.151725
221083658326324,ACC,0.143656,4.441380,10.388759
221083660326057,ACC,0.249005,4.642499,10.637763
221083662325823,ACC,0.337593,4.747847,10.774237
221083664325556,ACC,0.658426,5.085440,11.231544
221083663725627,MAG,30.480000,-12.780000,-36.840000
221083666325356,ACC,0.790111,5.178816,11.394354
221083668325089,ACC,0.926584,5.262616,11.559559
221083670324822,ACC,1.245023,5.406272,11.854054
221083672324555,ACC,1.589798,5.557112,12.059962
221083674324288,ACC,1.977671,5.686403,12.177281
221083673724393,MAG,30.599998,-12.360000,-37.320000
221083676324021,ACC,2.181184,5.739077,12.198831
221083678323754,ACC,2.602577,5.820482,12.220379
221083680323487,ACC,3.021575,5.846819,12.220379
221083682323287,ACC,3.222694,5.858790,12.217984
221083684323020,ACC,3.612961,5.820482,12.153339
221083683723093,MAG,31.080000,-12.300000,-38.040001
221083686322753,ACC,3.964919,5.693585,11.995317
221083688322486,ACC,4.125336,5.583449,11.889969
221083690322219,ACC,4.410254,5.298530,11.542799
221083692321952,ACC,4.668836,4.908263,11.037607
221083694321685,ACC,4.901081,4.400677,10.331296
221083693721859,MAG,31.019999,-11.759999,-37.919998
221083696321418,ACC,4.999246,4.108575,9.905115
221083698321218,ACC,5.111777,3.438179,8.945011
221083700320951,ACC,5.075862,2.729473,7.980118
221083702320684,ACC,4.982486,2.384698,7.556331
221083704320384,ACC,4.704750,1.699935,6.809318
221083703720592,MAG,31.559999,-11.759999,-37.799999
221083706320117,ACC,4.517997,1.381497,6.481302
221083708319850,ACC,4.065479,0.782928,5.964139
221083710319583,ACC,3.533950,0.265765,5.619363
221083712319316,ACC,3.253819,0.057463,5.502044
221083714319116,ACC,2.399063,-0.435758,5.200365
221083713719358,MAG,31.139999,-11.880000,-37.559998
221083716318849,ACC,2.116539,-0.553077,5.157268
221083718318615,ACC,1.834015,-0.644060,5.114171
221083720318348,ACC,1.292908,-0.749408,4.860378
221083722318048,ACC,0.744619,-0.763774,4.539545
221083724317781,ACC,0.201119,-0.668003,4.261809
221083723718124,MAG,31.019999,-11.520000,-36.779999
221083726317514,ACC,-0.071828,-0.598569,4.122941
221083728317314,ACC,-0.569837,-0.387873,3.972102
221083730317114,ACC,-0.988836,-0.246610,4.003228
221083732316847,ACC,-1.187560,0.062251,4.089421
221083734316580,ACC,-1.541913,0.457306,4.422225
221083733716890,MAG,30.959999,-12.059999,-37.139999
221083736316313,ACC,-1.824437,0.890670,5.042343
221083738316046,ACC,-1.934574,1.103761,5.461341
221083740315779,ACC,-2.118933,1.541913,6.438205
221083742315512,ACC,-2.209916,1.992037,7.448589
221083744315312,ACC,-2.209916,2.394275,8.406299
221083743715656,MAG,30.480000,-11.759999,-36.899998
221083746315112,ACC,-2.181184,2.585817,8.865999
221083748314845,ACC,-2.102173,2.992844,9.785401
221083750314578,ACC,-2.025557,3.203540,10.235525
221083752314311,ACC,-1.862746,3.682395,11.078310
221083754314044,ACC,-1.687964,4.156461,11.806170
221083753714422,MAG,30.599998,-11.639999,-37.500000
221083756313777,ACC,-1.601770,4.405466,12.136579
221083758313510,ACC,-1.391074,4.939389,12.730359
221083760313310,ACC,-1.151646,5.463735,13.223579
221083762313043,ACC,-1.027144,5.734288,13.424699
221083764312809,ACC,-0.612934,6.474119,13.891582
221083763713088,MAG,30.599998,-11.400000,-38.219997
221083766312542,ACC,-0.466884,6.687210,14.013690
221083768312275,ACC,-0.325621,6.881146,14.126222
221083770312008,ACC,-0.045491,7.211556,14.315369
221083772311741,ACC,0.241822,7.455772,14.444660
221083774311474,ACC,0.505192,7.625765,14.566768
221083773711854,MAG,30.359999,-10.500000,-38.279999
221083776311274,ACC,0.608146,7.678439,14.602682
221083778310974,ACC,0.821236,7.697594,14.636202
221083780310707,ACC,1.005595,7.616188,14.576345
221083782310440,ACC,1.087001,7.539571,14.497334
221083784310173,ACC,1.213897,7.304933,14.219598
221083783710620,MAG,30.480000,-10.080000,-39.119999
221083786309906,ACC,1.235446,7.146910,13.750320
221083788309639,ACC,1.185166,6.747066,13.419910
221083790309372,ACC,0.931373,6.270606,12.610645
221083792309172,ACC,0.483644,5.743865,11.693638
221083794308905,ACC,-0.146051,5.212336,10.834093
221083793709320,MAG,30.299999,-9.300000,-39.119999
221083796308638,ACC,-0.481249,4.963332,10.460587
221083798308371,ACC,-1.201926,4.465322,9.816526
221083800308104,ACC,-1.565856,4.206741,9.522031
221083802307837,ACC,-2.241041,3.680000,8.983319
221083804307570,ACC,-2.825244,3.170020,8.566715
221083803708053,MAG,30.480000,-9.120000,-38.820000
221083806307303,ACC,-3.069460,2.913832,8.391933
221083808307103,ACC,-3.474093,2.418218,8.075889
221083810306836,ACC,-3.852388,1.939363,7.793365
221083812306569,ACC,-4.051113,1.711906,7.685622
221083814306302,ACC,-4.695173,1.268966,7.513234
221083813706786,MAG,30.719999,-9.360000,-39.059998
221083816306035,ACC,-4.944178,0.873910,7.362395
221083818305768,ACC,-5.200365,0.694340,7.292961
221083820305501,ACC,-5.727105,0.416604,7.218739
221083822305301,ACC,-6.225114,0.225062,7.247470
221083824305101,ACC,-6.656084,0.090982,7.379155
221083823705519,MAG,30.539999,-9.360000,-38.399998
221083826304834,ACC,-6.838049,0.059857,7.474926
221083828304567,ACC,-7.156487,0.050280,7.786181
221083830304300,ACC,-7.266624,0.090982,7.975329
221083832304033,ACC,-7.352818,0.282524,8.382356
221083834303766,ACC,-7.249864,0.553077,8.784595
221083833704252,MAG,30.299999,-9.420000,-38.459999
221083836303499,ACC,-7.154093,0.720677,8.973742
221083838303299,ACC,-6.866780,1.130098,9.330489
221083840303032,ACC,-6.502851,1.596981,9.663293
221083842302765,ACC,-6.076670,1.855563,9.938635
221083844302498,ACC,-5.616969,2.669616,10.213976
221083843702985,MAG,29.760000,-9.420000,-38.879997
221083846302231,ACC,-5.384724,2.937775,10.352844
221083848301964,ACC,-4.960938,3.462121,10.642551
221083850301697,ACC,-4.731087,3.723097,10.783813
221083852301430,ACC,-4.261809,4.237866,11.087887
221083854301230,ACC,-3.790137,4.757424,11.408719
221083853701718,MAG,29.639999,-9.000000,-38.459999
221083856300963,ACC,-3.543527,5.006429,11.571530
221083858300696,ACC,-3.055095,5.475707,11.851661
221083860300429,ACC,-2.533143,5.921041,12.057568
221083862300162,ACC,-2.267378,6.119766,12.141368
221083864299895,ACC,-1.728666,6.471725,12.270658
221083863700451,MAG,29.820000,-8.880000,-39.119999
221083866299628,ACC,-1.199532,6.715941,12.330515
221083868299361,ACC,-0.957710,6.792558,12.342486
221083870299161,ACC,-0.457306,6.919454,12.332910
221083872298894,ACC,0.038308,6.984099,12.256292
221083874298627,ACC,0.466884,6.936214,12.124608
221083873699117,MAG,29.699999,-9.000000,-39.660000
221083876298360,ACC,0.656031,6.866780,12.016866
221083878298093,ACC,0.933767,6.627353,11.717581
221083880297826,ACC,1.012778,6.280183,11.363228
221083882297526,ACC,0.955316,6.071881,11.152532
221083884297259,ACC,0.651243,5.621757,10.723957
221083883697850,MAG,29.099998,-8.460000,-39.480000
221083886297059,ACC,0.418998,5.391907,10.525232
221083888296792,ACC,-0.160416,4.936995,10.233130
221083890296525,ACC,-0.809265,4.515602,9.967366
221083892296258,ACC,-1.434171,4.333637,9.833286
221083894295991,ACC,-1.996825,3.876331,9.478934
221083893696583,MAG,29.039999,-8.460000,-39.719997
221083896295724,ACC,-2.229070,3.756617,9.354432
221083898295457,ACC,-2.636096,3.560287,9.067119
221083900295257,ACC,-2.798907,3.469304,8.911490
221083902295057,ACC,-3.074249,3.328042,8.590658
221083904294823,ACC,-3.337619,3.241848,8.351231
221083903695283,MAG,29.099998,-8.099999,-39.180000
221083906294589,ACC,-3.459727,3.198751,8.274613
221083908294355,ACC,-3.723097,3.136500,8.226728
221083910294121,ACC,-3.981679,3.074249,8.300951
221083912293887,ACC,-4.120547,3.050306,8.387145
221083914293653,ACC,-4.422225,3.007209,8.648121
221083913694049,MAG,29.340000,-7.560000,-39.059998
221083916293486,ACC,-4.707144,2.973689,9.016839
221083918293252,ACC,-4.855589,2.956929,9.213169
221083920293018,ACC,-5.121354,2.949747,9.591465
221083922292784,ACC,-5.298530,2.976084,9.885961
221083924292550,ACC,-5.401484,3.076643,10.063137
221083923692815,MAG,29.939999,-7.380000,-39.299999
221083926292316,ACC,-5.418244,3.146077,10.137360
221083928292082,ACC,-5.406272,3.318465,10.264256
221083930291848,ACC,-5.360781,3.419024,10.316930
221083932291681,ACC,-5.209942,3.632115,10.403124
221083934291447,ACC,-4.994457,3.849994,10.484529
221083933691515,MAG,29.879999,-6.960000,-39.540001
221083936291213,ACC,-4.862772,3.952948,10.532414
221083938290979,ACC,-4.544333,4.134912,10.628186
221083940290745,ACC,-4.180404,4.278569,10.695226
221083942290545,ACC,-3.988862,4.338426,10.695226
221083944290311,ACC,-3.395082,4.494054,10.642551
221083943690281,MAG,29.699999,-7.080000,-40.020000
221083946290077,ACC,-3.229877,4.527574,10.582695
221083948289910,ACC,-2.952141,4.561093,10.520444
221083950289676,ACC,-2.856370,4.597008,10.374393
221083952289442,ACC,-2.755810,4.606585,10.225947
221083954289208,ACC,-2.777359,4.585036,10.079897
221083953689047,MAG,30.179998,-7.440000,-40.079998
221083956288974,ACC,-2.827639,4.594614,10.036800
221083958288740,ACC,-2.966506,4.573065,9.969760
221083960288506,ACC,-3.122134,4.573065,9.948212
221083962288272,ACC,-3.208328,4.570671,9.955395
221083964288072,ACC,-3.356773,4.539545,9.986520
221083963687813,MAG,30.059999,-7.380000,-39.959999
221083966287805,ACC,-3.498035,4.491660,9.969760
221083968287538,ACC,-3.555498,4.470111,9.943423
221083970287271,ACC,-3.727886,4.410254,9.890749
221083972287004,ACC,-3.897879,4.379128,9.838076
221083974286737,ACC,-4.084633,4.381523,9.792584
221083973686579,MAG,30.299999,-7.500000,-40.020000
221083976286470,ACC,-4.194769,4.371946,9.775824
221083978286270,ACC,-4.376734,4.388706,9.756670
221083980286070,ACC,-4.448563,4.417437,9.739910
221083982285803,ACC,-4.539545,4.460534,9.720756
221083984285536,ACC,-4.618556,4.508420,9.751882
221083983685345,MAG,30.359999,-7.620000,-40.259998
221083986285269,ACC,-4.625739,4.532362,9.785401
221083988285002,ACC,-4.592219,4.587430,9.902720
221083990284735,ACC,-4.537151,4.623344,10.070320
221083992284468,ACC,-4.489265,4.637710,10.161303
221083994284268,ACC,-4.245049,4.666441,10.434250
221083993684111,MAG,29.580000,-7.260000,-40.320000
221083996284068,ACC,-4.161250,4.666441,10.506078
221083998283801,ACC,-4.075056,4.687990,10.587483
221084000283534,ACC,-3.871542,4.757424,10.781420
221084002283267,ACC,-3.680000,4.810098,10.944230
221084004283000,ACC,-3.462121,4.893898,11.085492
221084003682911,MAG,29.519999,-7.260000,-40.919998
221084006282733,ACC,-3.335225,4.929812,11.145350
221084008282466,ACC,-3.081432,5.006429,11.209994
221084010282266,ACC,-2.784542,5.095017,11.277035
221084012281999,ACC,-2.636096,5.154874,11.320131
221084014281732,ACC,-2.332024,5.291348,11.391959
221084013681611,MAG,29.219999,-7.560000,-41.099998
221084016281465,ACC,-2.006402,5.418244,11.432662
221084018281198,ACC,-1.843592,5.480495,11.420691
221084020280931,ACC,-1.539519,5.583449,11.379988
221084022280664,ACC,-1.252206,5.695980,11.334496
221084024280397,ACC,-1.019961,5.763020,11.248303
221084023680377,MAG,28.559999,-7.380000,-40.919998
221084026280197,ACC,-0.914613,5.794145,11.226754
221084028279930,ACC,-0.744619,5.808511,11.212389
221084030279663,ACC,-0.684763,5.810905,11.190841
221084032279396,ACC,-0.588992,5.789357,11.138166
221084034279129,ACC,-0.512375,5.719923,11.078310
221084033679143,MAG,28.680000,-7.380000,-40.739998
221084036278862,ACC,-0.481249,5.684009,11.035213
221084038278595,ACC,-0.404632,5.561901,10.889162
221084040278328,ACC,-0.354353,5.415850,10.700014
221084042278128,ACC,-0.328016,5.334444,10.589877
221084044277861,ACC,-0.347170,5.071074,10.202005
221084043677843,MAG,28.559999,-7.380000,-40.259998
221084046277594,ACC,-0.373507,4.968120,10.089474
221084048277327,ACC,-0.416604,4.857984,9.991309
221084050277060,ACC,-0.524346,4.628133,9.809344
221084052276793,ACC,-0.651243,4.369552,9.692024
221084054276526,ACC,-0.842785,4.103787,9.589070
221084053676609,MAG,28.320000,-7.380000,-40.379997
221084056276259,ACC,-0.948133,3.969708,9.526819
221084058276059,ACC,-1.161223,3.718309,9.347249
221084060275792,ACC,-1.422199,3.481276,9.194016
221084062275525,ACC,-1.561067,3.368745,9.122187
221084064275258,ACC,-1.869929,3.165231,8.959376
221084063675375,MAG,28.799999,-7.920000,-40.379997
221084066274991,ACC,-2.123722,2.980872,8.818114
221084068274724,ACC,-2.243435,2.899467,8.739103
221084070274457,ACC,-2.490046,2.753416,8.595447
221084072274257,ACC,-2.707925,2.655251,8.526012
221084074274057,ACC,-2.863553,2.612154,8.530801
221084073674141,MAG,28.619999,-8.340000,-40.799999
221084076273790,ACC,-2.918621,2.609760,8.571504
221084078273523,ACC,-3.026363,2.628914,8.705584
221084080273256,ACC,-3.119740,2.683982,8.834874
221084082272989,ACC,-3.160443,2.705531,8.887548
221084084272722,ACC,-3.251425,2.748627,9.009656
221084083672907,MAG,28.139999,-8.940000,-41.160000
221084086272455,ACC,-3.308888,2.765387,9.059936
221084088272255,ACC,-3.423813,2.801301,9.165284
221084090271988,ACC,-3.521978,2.846793,9.273026
221084092271721,ACC,-3.569864,2.863553,9.318518
221084094271454,ACC,-3.646481,2.928198,9.423865
221084093671673,MAG,27.779999,-9.300000,-41.340000
221084096271187,ACC,-3.648875,2.959324,9.445415
221084098270920,ACC,-3.620143,2.992844,9.471751
221084100270653,ACC,-3.510007,3.055095,9.522031
221084102270386,ACC,-3.316071,3.110163,9.584282
221084104270186,ACC,-3.107769,3.141289,9.641745
221084103670439,MAG,27.599998,-9.420000,-41.459999
221084106269919,ACC,-3.002421,3.158048,9.672871
221084108269652,ACC,-2.753416,3.167626,9.763853
221084110269385,ACC,-2.533143,3.174809,9.809344
221084112269118,ACC,-2.427795,3.181991,9.878778
221084114268851,ACC,-2.231464,3.179597,9.948212
221084113669205,MAG,27.660000,-10.260000,-41.279999
221084116268584,ACC,-2.073442,3.167626,10.000886
221084118268317,ACC,-1.996825,3.155654,10.029617
221084120268117,ACC,-1.841197,3.158048,10.048771
221084122267883,ACC,-1.721484,3.167626,10.017646
221084124267649,ACC,-1.606558,3.162837,9.914692
221084123667938,MAG,28.260000,-10.260000,-40.619999
221084126267415,ACC,-1.558673,3.148471,9.835681
221084128267181,ACC,-1.460508,3.124529,9.672871
221084130266947,ACC,-1.400651,3.117346,9.601042
221084132266713,ACC,-1.321640,3.052700,9.447808
221084134266479,ACC,-1.271360,2.995238,9.308941
221084133666738,MAG,28.740000,-10.679999,-40.320000
221084136266312,ACC,-1.249811,2.949747,9.251478
221084138266112,ACC,-1.242629,2.853976,9.117398
221084140265912,ACC,-1.228263,2.724685,9.012051
221084142265712,ACC,-1.211503,2.652857,8.973742
221084144265512,ACC,-1.187560,2.516383,8.875577
221084143665571,MAG,28.740000,-11.280000,-40.200001
221084146265312,ACC,-1.185166,2.365544,8.854029
221084148265112,ACC,-1.170800,2.293715,8.837268
221084150264978,ACC,-1.168406,2.152453,8.782200
221084152264844,ACC,-1.149252,2.020768,8.739103
221084154264710,ACC,-1.113338,1.924997,8.707977
221084153664404,MAG,28.559999,-11.520000,-39.779999
221084156264576,ACC,-1.094184,1.884294,8.696006
221084158264442,ACC,-1.075029,1.786129,8.686429
221084160264308,ACC,-1.063058,1.743032,8.700794
221084162264174,ACC,-1.039115,1.675992,8.741497
221084164264040,ACC,-1.019961,1.623318,8.765440
221084163663304,MAG,28.139999,-12.240000,-40.020000
221084166263973,ACC,-1.007990,1.606558,8.760652
221084168263906,ACC,-0.988836,1.594587,8.743892
221084170263772,ACC,-0.957710,1.630501,8.736709
221084172263638,ACC,-0.928979,1.673598,8.758257
221084174263504,ACC,-0.909824,1.711906,8.798960
221084173662204,MAG,28.320000,-12.420000,-39.719997
221084176263370,ACC,-0.917007,1.728666,8.827691
221084178263236,ACC,-0.924190,1.726272,8.928250
221084180263102,ACC,-0.940950,1.728666,8.985713
221084182263002,ACC,-0.969681,1.699935,9.134158
221084184262835,ACC,-1.027144,1.661627,9.352037
221084183661037,MAG,28.559999,-12.960000,-39.480000
221084186262668,ACC,-1.075029,1.632895,9.486116
221084188262501,ACC,-1.175589,1.537124,9.763853
221084190262334,ACC,-1.283331,1.450930,9.993703
221084192262167,ACC,-1.343188,1.395862,10.077502
221084194262000,ACC,-1.486845,1.307274,10.202005
221084193659937,MAG,28.619999,-13.020000,-39.419998
221084196261833,ACC,-1.527547,1.225869,10.237919
221084198261699,ACC,-1.565856,1.187560,10.230737
221084200261499,ACC,-1.623318,1.139675,10.202005
221084202261299,ACC,-1.683175,1.110944,10.166091
221084204261099,ACC,-1.738243,1.094184,10.087080
221084203658803,MAG,28.859999,-13.020000,-39.180000
221084206260899,ACC,-1.774158,1.096578,10.058349
221084208260699,ACC,-1.853169,1.118126,10.000886
221084210260499,ACC,-1.886689,1.120521,9.955395
221084212260299,ACC,-1.929785,1.134886,9.862018
221084214260099,ACC,-1.932180,1.154040,9.730332
221084213657669,MAG,28.439999,-13.259999,-39.000000
221084216259832,ACC,-1.917814,1.158829,9.663293
221084218259565,ACC,-1.879506,1.163618,9.543579
221084220259298,ACC,-1.831620,1.182772,9.399923
221084222259031,ACC,-1.790918,1.182772,9.234718
221084224258764,ACC,-1.755003,1.182772,9.071907
221084223656535,MAG,28.260000,-13.259999,-39.000000
221084226258497,ACC,-1.745426,1.177983,9.002473
221084228258230,ACC,-1.721484,1.144463,8.849239
221084230258030,ACC,-1.711906,1.132492,8.777411
221084232257763,ACC,-1.733455,1.094184,8.652909
221084234257496,ACC,-1.771763,1.039115,8.581081
221084233655401,MAG,28.379999,-13.440000,-38.820000
221084236257229,ACC,-1.807678,1.019961,8.593052
221084238256962,ACC,-1.893871,0.955316,8.660092
221084240256695,ACC,-2.013585,0.895459,8.803748
221084242256428,ACC,-2.078231,0.866727,8.918674
221084244256228,ACC,-2.226676,0.811659,9.138947
221084243654267,MAG,28.379999,-14.099999,-38.759998
221084246256028,ACC,-2.391881,0.787716,9.366403
221084248255761,ACC,-2.482863,0.790111,9.469357
221084250255494,ACC,-2.664828,0.806871,9.660899
221084252255227,ACC,-2.813273,0.861939,9.859624
221084254254960,ACC,-2.992844,0.912219,10.027223
221084253653133,MAG,28.439999,-14.400000,-38.340000
221084256254693,ACC,-3.079037,0.936161,10.118205
221084258254426,ACC,-3.265791,0.976864,10.314536
221084260254226,ACC,-3.445361,1.012778,10.527626
221084262253959,ACC,-3.538738,1.027144,10.632975
221084264253692,ACC,-3.699155,1.046298,10.877191
221084263651933,MAG,28.019999,-14.219999,-38.040001
221084266253425,ACC,-3.768589,1.058270,11.008876
221084268253158,ACC,-3.861965,1.087001,11.257880
221084270252891,ACC,-3.902668,1.137281,11.459000
221084272252624,ACC,-3.890697,1.163618,11.533222
221084274252357,ACC,-3.759012,1.237840,11.564347
221084273650799,MAG,27.779999,-14.580000,-38.040001
221084276252157,ACC,-3.680000,1.261783,11.533222
221084278251890,ACC,-3.457333,1.290514,11.430268
221084280251623,ACC,-3.320859,1.345582,11.341680
221084282251356,ACC,-3.023969,1.371920,11.159715
221084284251089,ACC,-2.700742,1.410228,10.980145
221084283649665,MAG,27.660000,-14.520000,-38.099998
221084286250822,ACC,-2.542720,1.419805,10.891556
221084288250555,ACC,-2.253013,1.417411,10.745505
221084290250288,ACC,-1.992037,1.407834,10.613820
221084292250088,ACC,-1.867534,1.410228,10.551569
221084294249821,ACC,-1.675992,1.403045,10.427067
221084293648465,MAG,27.719999,-14.340000,-38.219997
221084296249554,ACC,-1.541913,1.381497,10.292988
221084298249287,ACC,-1.513182,1.355160,10.223554
221084300249020,ACC,-1.479662,1.314457,10.115811
221084302248753,ACC,-1.508393,1.278543,9.984126
221084304248486,ACC,-1.618530,1.237840,9.842864
221084303647331,MAG,28.139999,-14.759999,-38.099998
221084306248219,ACC,-1.683175,1.211503,9.759064
221084308248019,ACC,-1.841197,1.142069,9.639350
221084310247752,ACC,-1.924997,1.108549,9.586677
221084312247485,ACC,-2.102173,1.039115,9.505271
221084314247218,ACC,-2.296109,0.940950,9.426260
221084313646197,MAG,28.080000,-14.700000,-38.040001
221084316246951,ACC,-2.387092,0.890670,9.402317
221084318246684,ACC,-2.559480,0.732648,9.385557
221084320246417,ACC,-2.719896,0.565049,9.428655
221084322246217,ACC,-2.782147,0.462095,9.474146
221084324246017,ACC,-2.959324,0.126897,9.739910
221084323645063,MAG,28.500000,-14.580000,-38.099998
221084326245750,ACC,-3.007209,0.002394,9.854836
221084328245483,ACC,-3.088614,-0.119714,9.967366
221084330245216,ACC,-3.124529,-0.328016,10.163696
221084332245049,ACC,-3.191568,-0.517163,10.338479
221084334244782,ACC,-3.215511,-0.653637,10.467770
221084333643929,MAG,28.859999,-15.059999,-38.340000
221084336244515,ACC,-3.213117,-0.713494,10.525232
221084338244315,ACC,-3.208328,-0.802082,10.594666
221084340244048,ACC,-3.232271,-0.885882,10.621003
221084342243781,ACC,-3.256214,-0.919402,10.630580
221084344243514,ACC,-3.308888,-0.945739,10.635368
221084343642795,MAG,28.859999,-15.179999,-38.579998
221084346243247,ACC,-3.366350,-0.943344,10.647340
221084348242980,ACC,-3.404659,-0.931373,10.656918
221084350242713,ACC,-3.486064,-0.902642,10.647340
221084352242446,ACC,-3.574652,-0.849968,10.592272
221084354242246,ACC,-3.651269,-0.778139,10.513261
221084353641661,MAG,29.340000,-15.660000,-38.579998
221084356241979,ACC,-3.675212,-0.735042,10.477346
221084358241712,ACC,-3.723097,-0.646454,10.419884
221084360241445,ACC,-3.754223,-0.608146,10.388759
221084362241178,ACC,-3.830840,-0.521952,10.319324
221084364240911,ACC,-3.900274,-0.459701,10.206794
221084363640527,MAG,29.160000,-16.320000,-38.399998
221084366240644,ACC,-3.933794,-0.428575,10.142148
221084368240377,ACC,-4.058296,-0.373507,9.984126
221084370240177,ACC,-4.204347,-0.337593,9.787795
221084372239910,ACC,-4.276175,-0.328016,9.682447
221084374239643,ACC,-4.527574,-0.296890,9.375980
221084373639327,MAG,28.740000,-16.500000,-38.099998
221084376239376,ACC,-4.606585,-0.289707,9.280210
221084378239109,ACC,-4.687990,-0.268159,9.196409
221084380238842,ACC,-4.862772,-0.260976,9.059936
221084382238575,ACC,-5.013611,-0.234639,8.923462
221084384238308,ACC,-5.154874,-0.193936,8.818114
221084383638193,MAG,28.740000,-16.920000,-38.099998
221084386238108,ACC,-5.231491,-0.167599,8.775017
221084388237841,ACC,-5.394301,-0.117319,8.705584
221084390237574,ACC,-5.523592,-0.079011,8.638543
221084392237207,ACC,-5.578660,-0.052674,8.621783
221084394236940,ACC,-5.703163,-0.014366,8.645726
221084393637059,MAG,28.439999,-17.279999,-37.980000
221084396236673,ACC,-5.784568,0.028731,8.722343
221084398236406,ACC,-5.815693,0.045491,8.772623
221084400236206,ACC,-5.870762,0.043097,8.889942
221084402236006,ACC,-5.882733,0.057463,9.081485
221084404235739,ACC,-5.846819,0.069434,9.256267
221084403635859,MAG,28.500000,-17.400000,-37.919998
221084406235472,ACC,-5.791751,0.076617,9.349643
221084408235205,ACC,-5.672037,0.064645,9.531608
221084410234938,ACC,-5.585843,0.062251,9.620196
221084412234671,ACC,-5.344021,0.038308,9.761458
221084414234404,ACC,-5.039948,0.009577,9.893144
221084413634725,MAG,28.379999,-17.879999,-37.980000
221084416234204,ACC,-4.872349,-0.002394,9.936240
221084418234004,ACC,-4.494054,-0.021548,9.964972
221084420233737,ACC,-4.091815,-0.079011,9.912297
221084422233470,ACC,-3.890697,-0.102954,9.862018
221084424233203,ACC,-3.244242,-0.184359,9.811738
221084423633558,MAG,28.379999,-17.940001,-37.619999
221084426232936,ACC,-3.035940,-0.229850,9.838076
221084428232669,ACC,-2.825244,-0.294496,9.881172
221084430232402,ACC,-2.408640,-0.471672,10.111023
221084432232202,ACC,-2.039922,-0.696734,10.486923
221084434231935,ACC,-1.726272,-0.945739,10.884374
221084433632324,MAG,28.260000,-18.000000,-37.200001
221084436231668,ACC,-1.594587,-1.067847,11.066339
221084438231401,ACC,-1.386285,-1.302485,11.442240
221084440231134,ACC,-1.247417,-1.503605,11.743917
221084442230867,ACC,-1.206715,-1.594587,11.868421
221084444230600,ACC,-1.134886,-1.755003,11.973768
221084443631124,MAG,27.719999,-18.359999,-37.259998
221084446230333,ACC,-1.132492,-1.867534,11.854054
221084448230133,ACC,-1.149252,-1.903448,11.715187
221084450229866,ACC,-1.185166,-1.936968,11.310555
221084452229599,ACC,-1.199532,-1.965700,10.824516
221084454229332,ACC,-1.230657,-1.960911,10.369604
221084453629857,MAG,27.599998,-18.420000,-37.380001
221084456229065,ACC,-1.233052,-1.953728,10.180456
221084458228798,ACC,-1.192349,-1.958517,9.907509
221084460228531,ACC,-1.173195,-1.965700,9.797373
221084462228264,ACC,-1.168406,-2.008796,9.615408
221084464228064,ACC,-1.170800,-2.054288,9.481328
221084463628590,MAG,27.299999,-18.480000,-37.320000
221084466227797,ACC,-1.185166,-2.080625,9.428655
221084468227530,ACC,-1.254600,-2.150059,9.347249
221084470227263,ACC,-1.326428,-2.221887,9.301758
221084472226996,ACC,-1.381497,-2.272167,9.287392
221084474226729,ACC,-1.513182,-2.391881,9.198804
221084473627323,MAG,26.760000,-18.600000,-37.619999
221084476226462,ACC,-1.546702,-2.437372,9.136553
221084478226195,ACC,-1.565856,-2.499623,9.064724
221084480225995,ACC,-1.601770,-2.612154,8.935433
221084482225728,ACC,-1.632895,-2.717502,8.801354
221084484225461,ACC,-1.709512,-2.798907,8.731920
221084483626056,MAG,26.760000,-18.420000,-37.559998
221084486225194,ACC,-1.752609,-2.825244,8.717555
221084488224927,ACC,-1.908237,-2.842004,8.765440
221084490224660,ACC,-1.994431,-2.842004,8.827691
221084492224393,ACC,-2.166819,-2.810879,9.026416
221084494224193,ACC,-2.293715,-2.695953,9.296969
221084493624789,MAG,26.639999,-18.359999,-37.559998
221084496223993,ACC,-2.298504,-2.607365,9.591465
221084498223726,ACC,-2.274561,-2.377515,9.737515
221084500223459,ACC,-2.159636,-2.085413,10.022434
221084502223192,ACC,-1.960911,-1.733455,10.245102
221084504222925,ACC,-1.747821,-1.369525,10.386364
221084503623522,MAG,26.340000,-18.539999,-37.799999
221084506222658,ACC,-1.647261,-1.194743,10.451010
221084508222391,ACC,-1.424594,-0.826025,10.601849
221084510222191,ACC,-1.331217,-0.660820,10.690437
221084512221924,ACC,-1.127703,-0.387873,10.838882
221084514221657,ACC,-0.888276,-0.134079,10.953807
221084513622188,MAG,26.639999,-18.359999,-37.680000
221084516221390,ACC,-0.754197,-0.035914,11.011270
221084518221123,ACC,-0.433364,0.129291,11.054367
221084520220856,ACC,-0.028731,0.246610,11.083098
221084522220589,ACC,0.186753,0.282524,11.135772
221084524220322,ACC,0.885882,0.313650,11.257880
221084523620921,MAG,26.400000,-18.539999,-37.619999
221084526220122,ACC,1.125309,0.325621,11.356046
221084528219888,ACC,1.364737,0.284919,11.327314
221084530219654,ACC,1.829226,0.210696,11.174081
221084532219420,ACC,2.281744,0.220273,11.396749
221084534219186,ACC,2.739050,0.126897,11.810958
221084533619687,MAG,26.279999,-18.600000,-37.799999
221084536218952,ACC,2.956929,0.040703,12.000105
221084538218718,ACC,3.359168,-0.162811,12.263475
221084540218484,ACC,3.545921,-0.249005,12.383189
221084542218317,ACC,3.854782,-0.399844,12.795005
221084544218083,ACC,4.120547,-0.603357,13.316957
221084543618387,MAG,25.799999,-18.660000,-37.799999
221084546217849,ACC,4.252232,-0.723071,13.484556
221084548217615,ACC,4.257020,-0.940950,13.585115
221084550217381,ACC,4.098999,-1.110944,13.340899
221084552217147,ACC,3.804503,-1.130098,13.242734
221084554216913,ACC,3.419024,-1.254600,13.230762
221084553617153,MAG,25.260000,-18.900000,-37.860001
221084556216679,ACC,3.186780,-1.326428,13.103866
221084558216512,ACC,2.655251,-1.467690,12.682474
221084560216278,ACC,2.094990,-1.527547,12.043202
221084562216044,ACC,1.807678,-1.630501,11.688849
221084564215810,ACC,1.247417,-1.762186,11.040001
221084563615919,MAG,24.779999,-18.840000,-37.860001
221084566215576,ACC,0.972076,-1.812466,10.759871
221084568215342,ACC,0.466884,-1.934574,10.192428
221084570215108,ACC,0.043097,-2.068653,9.665688
221084572214941,ACC,-0.148445,-2.154847,9.414289
221084574214774,ACC,-0.517163,-2.334418,8.935433
221084573614685,MAG,24.539999,-19.199999,-37.200001
221084576214540,ACC,-0.857150,-2.521171,8.499676
221084578214306,ACC,-1.017567,-2.626519,8.303345
221084580214072,ACC,-1.343188,-2.861158,7.913078
221084582213838,ACC,-1.661627,-3.095797,7.549149
221084584213604,ACC,-1.953728,-3.318465,7.218739
221084583613451,MAG,24.959999,-19.439999,-37.020000
221084586213370,ACC,-2.085413,-3.423813,7.087053
221084588213170,ACC,-2.293715,-3.620143,6.852415
221084590212903,ACC,-2.360755,-3.708732,6.759038
221084592212636,ACC,-2.451737,-3.888302,6.603410
221084594212369,ACC,-2.516383,-4.053507,6.462148
221084593612217,MAG,25.559999,-19.439999,-36.660000
221084596212102,ACC,-2.513988,-4.110970,6.423839
221084598211835,ACC,-2.470892,-4.213923,6.447782
221084600211568,ACC,-2.382303,-4.290541,6.545948
221084602211301,ACC,-2.219493,-4.312089,6.610593
221084604211101,ACC,-1.992037,-4.324060,6.917060
221084603610983,MAG,26.279999,-19.619999,-36.239998
221084606210834,ACC,-1.867534,-4.304906,7.055928
221084608210567,ACC,-1.558673,-4.218712,7.398309
221084610210300,ACC,-1.362342,-4.163644,7.594640
221084612210033,ACC,-0.988836,-4.019988,8.006455
221084614209766,ACC,-0.598569,-3.854782,8.408693
221084613609749,MAG,26.519999,-19.680000,-36.360001
221084616209499,ACC,-0.402238,-3.737463,8.612206
221084618209232,ACC,0.009577,-3.481276,9.009656
221084620209032,ACC,0.409421,-3.232271,9.335278
221084622208765,ACC,0.605752,-3.079037,9.478934
221084624208498,ACC,1.005595,-2.794119,9.754275
221084623608449,MAG,26.519999,-19.799999,-36.239998
221084626208231,ACC,1.407834,-2.513988,10.036800
221084628207964,ACC,1.599376,-2.367938,10.173274
221084630207697,ACC,2.008796,-2.078231,10.486923
221084632207430,ACC,2.427795,-1.831620,10.795785
221084634207163,ACC,2.868341,-1.608953,11.075915
221084633607215,MAG,26.519999,-20.100000,-36.480000
221084636206963,ACC,3.076643,-1.503605,11.186052
221084638206696,ACC,3.474093,-1.336005,11.384777
221084640206429,ACC,3.656058,-1.273754,11.475760
221084642206162,ACC,3.950553,-1.216292,11.724764
221084644205895,ACC,4.146884,-1.197137,11.978557
221084643605981,MAG,26.279999,-19.920000,-37.020000
221084646205628,ACC,4.201952,-1.221080,12.079117
221084648205361,ACC,4.233078,-1.295303,12.308967
221084650205161,ACC,4.168432,-1.438959,12.495720
221084652204961,ACC,4.082239,-1.513182,12.569942
221084654204694,ACC,3.723097,-1.786129,12.613040
221084653604681,MAG,26.160000,-19.920000,-37.380001
221084656204427,ACC,3.569864,-1.872323,12.608252
221084658204160,ACC,3.193963,-1.968094,12.603462
221084660203893,ACC,3.007209,-2.159636,12.572337
221084662203626,ACC,2.648068,-2.370332,12.519663
221084664203359,ACC,2.322447,-2.559480,12.466989
221084663603447,MAG,25.740000,-19.799999,-37.439999
221084666203159,ACC,2.190762,-2.645674,12.407132
221084668202959,ACC,1.972882,-2.851581,12.222773
221084670202692,ACC,1.829226,-3.043123,11.990528
221084672202425,ACC,1.790918,-3.141289,11.856449
221084674202158,ACC,1.731061,-3.325648,11.557164
221084673602213,MAG,25.619999,-19.799999,-37.439999
221084676201891,ACC,1.647261,-3.488458,11.274640
221084678201624,ACC,1.596981,-3.560287,11.121407
221084680201357,ACC,1.472479,-3.703943,10.853248
221084682201157,ACC,1.321640,-3.852388,10.613820
221084684200890,ACC,1.115732,-3.993650,10.388759
221084683600913,MAG,25.439999,-19.920000,-37.200001
221084686200623,ACC,1.003201,-4.058296,10.266650
221084688200356,ACC,0.761379,-4.182798,10.020041
221084690200089,ACC,0.629694,-4.233078,9.905115
221084692199822,ACC,0.390267,-4.319272,9.694419
221084694199555,ACC,0.193936,-4.398283,9.519637
221084693599679,MAG,25.680000,-19.980000,-37.139999
221084696199288,ACC,0.110137,-4.434197,9.462174
221084698199088,ACC,-0.028731,-4.443774,9.375980
221084700198821,ACC,-0.129291,-4.443774,9.349643
221084702198554,ACC,-0.184359,-4.446168,9.354432
221084704198287,ACC,-0.284919,-4.391100,9.402317
221084703598445,MAG,25.920000,-20.219999,-36.719997
221084706198020,ACC,-0.308861,-4.364763,9.414289
221084708197753,ACC,-0.332804,-4.338426,9.421472
221084710197486,ACC,-0.383084,-4.259415,9.481328
221084712197219,ACC,-0.411815,-4.163644,9.548368
221084714197019,ACC,-0.459701,-4.031959,9.629773
221084713597211,MAG,26.400000,-20.160000,-36.360001
221084716196752,ACC,-0.471672,-3.945765,9.692024
221084718196518,ACC,-0.483644,-3.790137,9.811738
221084720196251,ACC,-0.500403,-3.651269,9.979338
221084722195984,ACC,-0.486038,-3.593807,10.072714
221084724195717,ACC,-0.447729,-3.478881,10.304958
221084723595977,MAG,26.699999,-20.279999,-36.180000
221084726195450,ACC,-0.380690,-3.359168,10.520444
221084728195183,ACC,-0.349564,-3.299311,10.606637
221084730194983,ACC,-0.284919,-3.172414,10.769448
221084732194716,ACC,-0.210696,-3.047912,10.944230
221084734194449,ACC,-0.136474,-2.904255,11.107040
221084733594743,MAG,27.000000,-20.340000,-35.340000
221084736194182,ACC,-0.093377,-2.846793,11.205206
221084738193915,ACC,0.045491,-2.734262,11.375199
221084740193648,ACC,0.205908,-2.640885,11.533222
221084742193381,ACC,0.294496,-2.590605,11.600262
221084744193181,ACC,0.536318,-2.504411,11.729552
221084743593509,MAG,27.480000,-19.920000,-35.459999
221084746192981,ACC,0.672791,-2.466103,11.806170
221084748192714,ACC,0.955316,-2.372726,11.940248
221084750192447,ACC,1.187560,-2.274561,12.076722
221084752192180,ACC,1.295303,-2.217098,12.150945
221084754191913,ACC,1.585010,-2.078231,12.304178
221084753592275,MAG,27.359999,-19.920000,-35.639999
221084756191646,ACC,1.673598,-2.027951,12.323333
221084758191379,ACC,1.755003,-1.975277,12.325727
221084760191179,ACC,1.905843,-1.879506,12.294601
221084762190912,ACC,2.051893,-1.783735,12.232350
221084764190645,ACC,2.226676,-1.690358,12.143762
221084763590975,MAG,27.359999,-20.039999,-35.939999
221084766190378,ACC,2.317658,-1.649655,12.095877
221084768190111,ACC,2.492440,-1.592193,11.997711
221084770189844,ACC,2.664828,-1.577827,11.928277
221084772189577,ACC,2.739050,-1.549096,11.875603
221084774189310,ACC,2.844398,-1.527547,11.739129
221084773589741,MAG,26.580000,-19.920000,-36.180000
221084776189076,ACC,2.904255,-1.537124,11.535616
221084778188776,ACC,2.923409,-1.537124,11.439845
221084780188509,ACC,2.921015,-1.541913,11.279428
221084782188242,ACC,2.875524,-1.570644,11.133378
221084784187975,ACC,2.839610,-1.568250,11.051972
221084783588507,MAG,26.400000,-20.400000,-36.059998
221084786187708,ACC,2.813273,-1.580221,11.037607
221084788187441,ACC,2.739050,-1.620924,10.970567
221084790187174,ACC,2.669616,-1.640078,10.910710
221084792186974,ACC,2.480469,-1.675992,10.831699
221084794186707,ACC,2.284138,-1.709512,10.757477
221084793587207,MAG,25.859999,-20.279999,-36.000000
221084796186440,ACC,2.164424,-1.731061,10.704803
221084798186173,ACC,1.889083,-1.762186,10.594666
221084800185906,ACC,1.606558,-1.769369,10.479741
221084802185639,ACC,1.467690,-1.774158,10.422278
221084804185372,ACC,1.065452,-1.805283,10.233130
221084803585973,MAG,25.439999,-20.100000,-35.639999
221084806185105,ACC,0.948133,-1.829226,10.142148
221084808184905,ACC,0.849968,-1.850774,10.048771
221084810184638,ACC,0.670397,-1.898660,9.869201
221084812184371,ACC,0.557866,-1.963305,9.725544
221084814184104,ACC,0.481249,-2.056682,9.596253
221084813584739,MAG,25.680000,-19.980000,-35.700001
221084816183837,ACC,0.469278,-2.114145,9.565128
221084818183570,ACC,0.464489,-2.231464,9.548368
221084820183303,ACC,0.505192,-2.286532,9.557945
221084822183103,ACC,0.526740,-2.408640,9.586677
221084824182903,ACC,0.600963,-2.525960,9.615408
221084823583505,MAG,25.500000,-19.859999,-35.219997
221084826182636,ACC,0.694340,-2.669616,9.593859
221084828182369,ACC,0.723071,-2.731868,9.555551
221084830182102,ACC,0.830813,-2.856370,9.452597
221084832181835,ACC,0.950527,-2.973689,9.342461
221084834181568,ACC,1.055875,-3.057489,9.217958
221084833582238,MAG,26.039999,-19.980000,-35.099998
221084836181334,ACC,1.108549,-3.093403,9.170073
221084838181134,ACC,1.199532,-3.170020,9.083879
221084840180867,ACC,1.247417,-3.198751,9.043176
221084842180600,ACC,1.345582,-3.215511,8.990502
221084844180333,ACC,1.424594,-3.181991,8.933040
221084843580971,MAG,26.340000,-20.340000,-34.919998
221084846180066,ACC,1.438959,-3.150866,8.897125
221084848179799,ACC,1.474873,-3.047912,8.844451
221084850179532,ACC,1.477268,-2.947352,8.844451
221084852179265,ACC,1.477268,-2.887496,8.854029
221084854179065,ACC,1.474873,-2.739050,8.911490
221084853579704,MAG,26.639999,-20.580000,-34.799999
221084856178798,ACC,1.460508,-2.593000,8.937828
221084858178531,ACC,1.448536,-2.535537,8.961771
221084860178264,ACC,1.422199,-2.408640,9.007262
221084862177997,ACC,1.362342,-2.272167,9.062330
221084864177730,ACC,1.285726,-2.123722,9.148524
221084863578437,MAG,26.879999,-20.580000,-35.639999
221084866177463,ACC,1.240234,-2.051893,9.203592
221084868177196,ACC,1.168406,-1.901054,9.352037
221084870176996,ACC,1.130098,-1.834015,9.433443
221084872176729,ACC,1.039115,-1.711906,9.613013
221084874176462,ACC,0.948133,-1.580221,9.780613
221084873577103,MAG,27.119999,-20.939999,-35.700001
221084876176195,ACC,0.837996,-1.541913,9.859624
221084878175928,ACC,0.809265,-1.467690,10.027223
221084880175661,ACC,0.742225,-1.415016,10.216371
221084882175394,ACC,0.699128,-1.405439,10.436644
221084884175127,ACC,0.658426,-1.424594,10.711986
221084883575836,MAG,27.359999,-20.520000,-35.639999
221084886174927,ACC,0.644060,-1.448536,10.836488
221084888174660,ACC,0.596174,-1.494027,11.104647
221084890174393,ACC,0.581809,-1.510787,11.224360
221084892174126,ACC,0.569837,-1.587404,11.396749
221084894173859,ACC,0.543500,-1.666415,11.461393
221084893574569,MAG,27.240000,-20.340000,-35.759998
221084896173592,ACC,0.533923,-1.711906,11.475760
221084898173325,ACC,0.574626,-1.783735,11.442240
221084900173125,ACC,0.634483,-1.848380,11.346468
221084902172925,ACC,0.691945,-1.853169,11.274640
221084904172658,ACC,0.988836,-1.855563,11.068732
221084903573235,MAG,27.599998,-20.459999,-35.459999
221084906172391,ACC,1.120521,-1.822043,10.846065
221084908172124,ACC,1.259389,-1.788523,10.731140
221084910171857,ACC,1.551490,-1.699935,10.479741
221084912171590,ACC,1.812466,-1.608953,10.237919
221084914171323,ACC,2.071048,-1.503605,10.032011
221084913571968,MAG,27.480000,-20.100000,-35.219997
221084916171123,ACC,2.171607,-1.453325,9.936240
221084918170923,ACC,2.293715,-1.336005,9.778218
221084920170656,ACC,2.360755,-1.206715,9.651321
221084922170389,ACC,2.358361,-1.156435,9.581888
221084924170222,ACC,2.286532,-1.048692,9.466963
221084923570801,MAG,27.719999,-20.219999,-35.459999
221084926169955,ACC,2.226676,-0.986441,9.419077
221084928169688,ACC,2.087808,-0.864333,9.282603
221084930169421,ACC,1.903448,-0.749408,9.167678
221084932169221,ACC,1.690358,-0.696734,9.083879
221084934168987,ACC,1.486845,-0.584203,9.064724
221084933569501,MAG,28.199999,-19.980000,-35.279999
221084936168753,ACC,1.398257,-0.550683,9.083879
221084938168519,ACC,1.201926,-0.495615,9.150918
221084940168285,ACC,1.122915,-0.490826,9.208381
221084942168051,ACC,0.952921,-0.500403,9.337671
221084944167817,ACC,0.785322,-0.507586,9.522031
221084943568267,MAG,28.500000,-19.680000,-34.860001
221084946167583,ACC,0.694340,-0.519558,9.622590
221084948167383,ACC,0.545895,-0.560260,9.838076
221084950167149,ACC,0.371113,-0.605752,10.046377
221084952166982,ACC,0.284919,-0.632089,10.144543
221084954166748,ACC,0.134079,-0.689551,10.331296
221084953567033,MAG,28.859999,-19.439999,-34.680000
221084956166514,ACC,-0.004789,-0.763774,10.527626
221084958166280,ACC,-0.059857,-0.806871,10.623397
221084960166046,ACC,-0.155628,-0.900247,10.711986
221084962165812,ACC,-0.249005,-0.996018,10.723957
221084963565799,MAG,29.219999,-19.199999,-34.619999
221084964165645,ACC,-0.361535,-1.084607,10.671283
221084966165411,ACC,-0.414210,-1.110944,10.649734
221084968165177,ACC,-0.509981,-1.158829,10.635368
221084970164943,ACC,-0.543500,-1.175589,10.642551
221084972164709,ACC,-0.612934,-1.192349,10.671283
221084974164475,ACC,-0.600963,-1.187560,10.714379
221084973564565,MAG,29.820000,-19.199999,-34.559998
221084976164241,ACC,-0.572232,-1.182772,10.733534
221084978164007,ACC,-0.450124,-1.151646,10.752688
221084980163840,ACC,-0.282524,-1.098972,10.735929
221084982163606,ACC,-0.162811,-1.046298,10.733534
221084984163272,ACC,0.270553,-0.830813,10.764660
221084983563331,MAG,30.240000,-19.139999,-34.559998
221084986163038,ACC,0.426181,-0.732648,10.781420
221084988162804,ACC,0.751802,-0.629694,10.757477
221084990162537,ACC,0.919402,-0.392661,10.723957
221084992162303,ACC,1.230657,-0.146051,10.601849
221084994162103,ACC,1.517970,0.136474,10.477346
221084993562097,MAG,30.719999,-19.080000,-34.500000
221084996161903,ACC,1.637684,0.284919,10.388759
221084998161636,ACC,1.834015,0.586597,10.216371
221085000161369,ACC,2.006402,0.878699,10.115811
221085002161102,ACC,2.071048,1.005595,10.096657
221085004160835,ACC,2.185973,1.276148,10.079897
221085003560863,MAG,31.320000,-18.959999,-34.320000
221085006160568,ACC,2.303292,1.501210,10.067925
221085008160334,ACC,2.360755,1.596981,10.087080
221085010160134,ACC,2.439766,1.733455,10.115811
221085012159800,ACC,2.528354,1.836409,10.120600
221085014159533,ACC,2.585817,1.877111,10.139753
221085013559563,MAG,31.799999,-19.020000,-34.320000
221085016159266,ACC,2.578634,1.877111,10.151725
221085018158999,ACC,2.521171,1.853169,10.175668
221085020158732,ACC,2.473286,1.834015,10.187639
221085022158465,ACC,2.315264,1.747821,10.233130
221085024158198,ACC,2.102173,1.642473,10.333690
221085023558329,MAG,31.740000,-18.480000,-34.439999
221085026157998,ACC,1.982460,1.589798,10.393547
221085028157731,ACC,1.711906,1.525153,10.553964
221085030157464,ACC,1.438959,1.474873,10.757477
221085032157197,ACC,1.300091,1.467690,10.870008
221085034156930,ACC,0.907430,1.534730,11.095070
221085033557095,MAG,31.740000,-18.299999,-34.079998
221085036156663,ACC,0.787716,1.561067,11.128590
221085038156396,ACC,0.567443,1.599376,11.140561
221085040156129,ACC,0.488432,1.726272,11.085492
221085042155929,ACC,0.383084,1.877111,10.937047
221085044155662,ACC,0.318439,2.037528,10.728745
221085043555795,MAG,31.500000,-18.059999,-34.139999
221085046155395,ACC,0.306467,2.126116,10.589877
221085048155128,ACC,0.359141,2.298504,10.273833
221085050154894,ACC,0.474066,2.461314,9.955395
221085052154627,ACC,0.545895,2.537931,9.794978
221085054154360,ACC,0.711100,2.686376,9.562734
221085053554561,MAG,30.959999,-17.879999,-34.439999
221085056154093,ACC,0.919402,2.844398,9.452597
221085058153893,ACC,1.036721,2.932987,9.428655
221085060153626,ACC,1.278543,3.100586,9.390346
221085062153359,ACC,1.558673,3.275368,9.375980
221085064153092,ACC,1.814860,3.459727,9.383162
221085063553327,MAG,31.260000,-18.119999,-34.200001
221085066152825,ACC,1.958517,3.560287,9.380769
221085068152558,ACC,2.253013,3.768589,9.356826
221085070152291,ACC,2.396669,3.878725,9.349643
221085072152091,ACC,2.712713,4.079844,9.364009
221085074151891,ACC,3.031152,4.278569,9.431048
221085073552093,MAG,31.080000,-18.180000,-34.559998
221085076151624,ACC,3.189174,4.369552,9.481328
221085078151390,ACC,3.507613,4.496448,9.598648
221085080151123,ACC,3.792531,4.577853,9.742304
221085082150856,ACC,3.931399,4.604190,9.809344
221085084150589,ACC,4.321666,4.613768,10.096657
221085083550859,MAG,31.320000,-18.059999,-34.079998
221085086150322,ACC,4.450957,4.592219,10.192428
221085088150122,ACC,4.570671,4.558699,10.300170
221085090149922,ACC,4.783761,4.458140,10.501289
221085092149655,ACC,4.975303,4.338426,10.613820
221085094149388,ACC,5.128537,4.185193,10.604243
221085093549625,MAG,31.679998,-17.459999,-33.480000
221085096149121,ACC,5.178816,4.098999,10.553964
221085098148854,ACC,5.200365,3.914639,10.367210
221085100148587,ACC,5.111777,3.718309,10.113417
221085102148320,ACC,5.018400,3.634509,9.991309
221085104148120,ACC,4.731087,3.500430,9.768641
221085103548391,MAG,31.320000,-17.160000,-33.480000
221085106147853,ACC,4.326455,3.387899,9.603436
221085108147586,ACC,4.082239,3.332830,9.534002
221085110147319,ACC,3.510007,3.239454,9.407105
221085112147052,ACC,2.875524,3.136500,9.328094
221085114146785,ACC,2.147665,3.067066,9.268238
221085113547157,MAG,31.619999,-16.440001,-33.360001
221085116146518,ACC,1.759792,3.033546,9.249084
221085118146251,ACC,1.000807,2.990449,9.201198
221085120146051,ACC,0.644060,2.980872,9.160496
221085122145784,ACC,-0.031126,2.978478,9.062330
221085124145517,ACC,-0.627300,2.988055,8.997684
221085123545857,MAG,31.439999,-16.020000,-33.899998
221085126145250,ACC,-0.900247,2.995238,8.961771
221085128144983,ACC,-1.374314,2.997632,8.842057
221085130144716,ACC,-1.726272,3.033546,8.691217
221085132144449,ACC,-1.879506,3.045517,8.621783
221085134144182,ACC,-2.178790,3.136500,8.401510
221085133544623,MAG,31.379999,-15.660000,-34.799999
221085136143982,ACC,-2.233858,3.170020,8.332076
221085138143682,ACC,-2.253013,3.215511,8.272220
221085140143415,ACC,-2.238647,3.349591,8.238700
221085142143148,ACC,-2.085413,3.505218,8.329682
221085144142881,ACC,-1.872323,3.665635,8.511647
221085143543389,MAG,31.859999,-15.240000,-35.219997
221085146142614,ACC,-1.755003,3.768589,8.660092
221085148142347,ACC,-1.479662,3.981679,9.028811
221085150142080,ACC,-1.197137,4.082239,9.435837
221085152141880,ACC,-1.070241,4.295329,9.629773
221085154141613,ACC,-0.811659,4.506025,10.032011
221085153542089,MAG,32.340000,-14.759999,-36.000000
221085156141346,ACC,-0.509981,4.716722,10.400730
221085158141079,ACC,-0.344776,4.810098,10.544386
221085160140812,ACC,0.009577,4.977697,10.802968
221085162140545,ACC,0.428575,5.138114,11.011270
221085164140278,ACC,0.955316,5.253039,11.183658
221085163540855,MAG,32.759998,-14.400000,-36.239998
221085166140078,ACC,1.271360,5.284164,11.226754
221085168139878,ACC,2.063865,5.269799,11.130983
221085170139644,ACC,2.542720,5.226702,11.001693
221085172139410,ACC,3.612961,5.047131,10.587483
221085174139176,ACC,4.776578,4.795732,10.058349
221085173539655,MAG,32.880001,-13.920000,-35.820000
221085176138942,ACC,5.363175,4.644893,9.821315
221085178138708,ACC,6.507639,4.300117,9.380769
221085180138474,ACC,7.539571,3.905062,8.928250
221085182138307,ACC,7.980118,3.703943,8.676852
221085184138173,ACC,8.751075,3.110163,7.937021
221085183538488,MAG,32.880001,-13.440000,-36.180000
221085186138039,ACC,8.851634,2.928198,7.704776
221085188137905,ACC,8.844451,2.762993,7.498868
221085190137771,ACC,8.504464,2.490046,7.122968
221085192137637,ACC,7.838856,2.284138,6.806923
221085194137503,ACC,6.929031,2.138088,6.577073
221085193537388,MAG,32.639999,-13.139999,-35.939999
221085196137369,ACC,6.416656,2.090202,6.495667
221085198137302,ACC,5.346416,2.037528,6.342434
221085200137235,ACC,4.807704,2.037528,6.270606
221085202137168,ACC,3.739857,2.042316,6.136526
221085204137101,ACC,2.753416,2.047105,6.069487
221085203536354,MAG,32.219997,-12.719999,-35.939999
221085206137101,ACC,1.898660,2.092596,6.191595
221085208137034,ACC,1.515576,2.102173,6.246663
221085210136967,ACC,0.864333,2.102173,6.301731
221085212136900,ACC,0.378295,2.126116,6.366377
221085214136900,ACC,0.035914,2.159636,6.574678
221085213535320,MAG,32.160000,-12.360000,-35.880001
221085216136866,ACC,-0.107742,2.169213,6.732701
221085218136832,ACC,-0.332804,2.178790,7.091842
221085220136798,ACC,-0.486038,2.188367,7.561120
221085222136764,ACC,-0.536318,2.193156,7.814913
221085223534220,MAG,31.920000,-11.759999,-36.059998
221085224136730,ACC,-0.560260,2.209916,8.298556
221085226136696,ACC,-0.545895,2.224281,8.521224
221085228136662,ACC,-0.483644,2.253013,8.918674
221085230136662,ACC,-0.318439,2.291321,9.253872
221085232136628,ACC,-0.220273,2.312870,9.402317
221085234136594,ACC,0.119714,2.358361,9.787795
221085233533220,MAG,31.500000,-11.639999,-36.480000
221085236136560,ACC,0.217879,2.444555,9.905115
221085238136626,ACC,0.301679,2.499623,10.034406
221085240136592,ACC,0.404632,2.624125,10.326508
221085242136558,ACC,0.433364,2.782147,10.695226
221085244136491,ACC,0.375901,2.964112,11.099858
221085243532220,MAG,31.500000,-11.400000,-36.779999
221085246136424,ACC,0.311256,3.071855,11.296188
221085248136357,ACC,0.172388,3.299311,11.686456
221085250136290,ACC,0.095771,3.414236,11.861238
221085252136223,ACC,-0.050280,3.641692,12.184464
221085254136156,ACC,-0.169994,3.869148,12.385584
221085253531286,MAG,31.139999,-10.980000,-37.619999
221085256136089,ACC,-0.217879,3.981679,12.431075
221085258136022,ACC,-0.222668,4.192375,12.457412
221085260135955,ACC,-0.146051,4.391100,12.414315
221085262135821,ACC,0.026337,4.546728,12.275447
221085264135687,ACC,0.246610,4.601796,12.055174
221085263530286,MAG,30.900000,-10.380000,-38.160000
221085266135453,ACC,0.368718,4.611373,11.894757
221085268135319,ACC,0.591386,4.568276,11.549982
221085270135185,ACC,0.668003,4.503631,11.375199
221085272135051,ACC,0.780534,4.348003,11.063944
221085274134917,ACC,0.804476,4.118153,10.783813
221085273529352,MAG,30.539999,-10.020000,-37.980000
221085276134817,ACC,0.794899,3.991256,10.654523
221085278134650,ACC,0.679974,3.725492,10.455798
221085280134483,ACC,0.521952,3.469304,10.233130
221085282134316,ACC,0.428575,3.337619,10.108628
221085284134149,ACC,0.184359,3.105374,9.845258
221085283528418,MAG,30.840000,-9.719999,-38.099998
221085286133982,ACC,0.129291,2.918621,9.577099
221085288133815,ACC,0.076617,2.832427,9.445415
221085290133648,ACC,0.021548,2.686376,9.184438
221085292133514,ACC,0.031126,2.585817,8.973742
221085294133314,ACC,0.050280,2.523566,8.722343
221085293527418,MAG,30.420000,-9.780000,-38.099998
221085296133080,ACC,0.071828,2.511594,8.590658
221085298132780,ACC,0.105348,2.518777,8.317711
221085300132580,ACC,0.131685,2.530748,8.188420
221085302132380,ACC,0.143656,2.597788,7.963358
221085304132180,ACC,0.136474,2.710319,7.807730
221085303526484,MAG,30.359999,-10.260000,-37.980000
221085306131980,ACC,0.141262,2.767782,7.743085
221085308131780,ACC,0.146051,2.815667,7.719142
221085310131513,ACC,0.143656,2.770176,8.051947
221085312131246,ACC,-0.057463,2.810879,8.138140
221085314130979,ACC,-0.380690,2.956929,8.243488
221085313525550,MAG,30.599998,-10.139999,-38.279999
221085316130712,ACC,-0.572232,3.026363,8.375174
221085318130445,ACC,-0.974470,3.210722,8.727132
221085320130178,ACC,-1.383891,3.454939,9.182044
221085322129978,ACC,-1.575433,3.608172,9.402317
221085324129778,ACC,-1.936968,3.929005,9.761458
221085323524616,MAG,30.660000,-10.260000,-38.579998
221085326129544,ACC,-2.094990,4.094210,9.902720
221085328129277,ACC,-2.336812,4.431803,10.120600
221085330129010,ACC,-2.547508,4.800521,10.302565
221085332128743,ACC,-2.609760,4.999246,10.367210
221085334128476,ACC,-2.643279,5.430215,10.443827
221085333523682,MAG,30.779999,-10.559999,-38.399998
221085336128209,ACC,-2.595394,5.892310,10.429461
221085338128009,ACC,-2.557086,6.093430,10.407912
221085340127809,ACC,-2.466103,6.423839,10.393547
221085342127542,ACC,-2.360755,6.684815,10.417490
221085344127275,ACC,-2.195550,6.926637,10.398335
221085343522748,MAG,30.539999,-10.620000,-38.099998
221085346127008,ACC,-2.123722,7.012831,10.369604
221085348126741,ACC,-1.977671,7.132545,10.319324
221085350126474,ACC,-1.920208,7.163670,10.307353
221085352126207,ACC,-1.807678,7.190007,10.333690
221085354126007,ACC,-1.675992,7.158882,10.429461
221085353521814,MAG,30.840000,-10.620000,-38.279999
221085356125773,ACC,-1.613741,7.120573,10.494106
221085358125506,ACC,-1.450930,7.063111,10.661706
221085360125239,ACC,-1.245023,6.943397,10.841276
221085362124972,ACC,-1.137281,6.878752,10.939442
221085364124705,ACC,-0.797293,6.694392,11.154926
221085363520880,MAG,30.779999,-10.800000,-38.279999
221085366124438,ACC,-0.668003,6.658478,11.178869
221085368124171,ACC,-0.402238,6.617775,11.159715
221085370123971,ACC,-0.258582,6.531582,11.123801
221085372123704,ACC,0.043097,6.442994,10.982538
221085374123437,ACC,0.287313,6.342434,10.733534
221085373519880,MAG,30.900000,-10.800000,-38.340000
221085376123170,ACC,0.359141,6.263423,10.558752
221085378122903,ACC,0.395055,6.026390,10.130177
221085380122636,ACC,0.215485,5.698374,9.651321
221085382122369,ACC,0.067040,5.514015,9.421472
221085384122102,ACC,-0.332804,5.114171,9.000079
221085383518946,MAG,31.260000,-10.860000,-38.399998
221085386121902,ACC,-0.775745,4.685596,8.700794
221085388121635,ACC,-1.000807,4.470111,8.605023
221085390121368,ACC,-1.441353,4.053507,8.456578
221085392121101,ACC,-1.812466,3.680000,8.334471
221085394120834,ACC,-2.118933,3.328042,8.164477
221085393518012,MAG,31.260000,-10.860000,-38.399998
221085396120567,ACC,-2.250618,3.153260,8.054340
221085398120300,ACC,-2.468497,2.842004,7.838856
221085400120033,ACC,-2.602577,2.559480,7.620977
221085402119833,ACC,-2.672011,2.439766,7.541965
221085403517012,MAG,31.260000,-10.380000,-38.399998
221085404119566,ACC,-2.789330,2.207521,7.503657
221085406119299,ACC,-2.827639,2.106962,7.513234
221085408119032,ACC,-2.942564,1.917814,7.470138
221085410118765,ACC,-3.028758,1.798100,7.371972
221085412118498,ACC,-3.067066,1.759792,7.348030
221085414118231,ACC,-3.215511,1.635290,7.273807
221085413516078,MAG,30.900000,-10.260000,-38.879997
221085416118031,ACC,-3.284945,1.611347,7.259441
221085418117831,ACC,-3.359168,1.596981,7.261836
221085420117564,ACC,-3.505218,1.606558,7.386338
221085422117297,ACC,-3.636904,1.673598,7.604217
221085424117030,ACC,-3.706337,1.783735,7.898713
221085423515144,MAG,31.019999,-9.719999,-39.480000
221085426116930,ACC,-3.720703,1.850774,8.056735
221085428116663,ACC,-3.711126,2.025557,8.353624
221085430116396,ACC,-3.641692,2.200339,8.578687
221085432116196,ACC,-3.589018,2.279350,8.672064
221085434115929,ACC,-3.476487,2.456526,8.834874
221085433514144,MAG,30.420000,-9.660000,-39.899998
221085436115662,ACC,-3.375927,2.643279,8.983319
221085438115395,ACC,-3.330436,2.743839,9.050359
221085440115128,ACC,-3.249031,2.964112,9.196409
221085442114861,ACC,-3.179597,3.193963,9.371192
221085444114594,ACC,-3.136500,3.414236,9.557945
221085443513210,MAG,29.699999,-9.599999,-39.899998
221085446114327,ACC,-3.119740,3.514795,9.653716
221085448114127,ACC,-3.086220,3.687183,9.869201
221085450113860,ACC,-3.062278,3.773377,9.979338
221085452113593,ACC,-2.997632,3.924217,10.223554
221085454113326,ACC,-2.877918,4.063084,10.484529
221085453512276,MAG,29.760000,-9.120000,-39.840000
221085456113059,ACC,-2.808484,4.132518,10.640158
221085458112792,ACC,-2.638491,4.247444,10.901134
221085460112525,ACC,-2.425400,4.376734,11.171686
221085462112258,ACC,-2.303292,4.436591,11.303371
221085464112058,ACC,-1.972882,4.652076,11.631387
221085463511342,MAG,29.340000,-8.820000,-39.480000
221085466111791,ACC,-1.879506,4.726298,11.724764
221085468111524,ACC,-1.805283,4.788549,11.810958
221085470111257,ACC,-1.723878,4.884321,11.930672
221085472110990,ACC,-1.695147,4.901081,11.966585
221085474110723,ACC,-1.728666,4.850801,11.899546
221085473510375,MAG,29.639999,-8.400000,-39.299999
221085476110456,ACC,-1.757398,4.793338,11.825323
221085478110189,ACC,-1.872323,4.649682,11.621810
221085480110089,ACC,-2.037528,4.455745,11.327314
221085482109822,ACC,-2.121327,4.343215,11.171686
221085484109555,ACC,-2.341601,4.122941,10.858036
221085483509308,MAG,29.580000,-8.160000,-39.599998
221085486109121,ACC,-2.590605,3.957736,10.549175
221085488108854,ACC,-2.719896,3.878725,10.405519
221085490108587,ACC,-2.961718,3.723097,10.154119
221085492108320,ACC,-3.162837,3.632115,9.945818
221085494108120,ACC,-3.359168,3.536344,9.766247
221085493508241,MAG,29.519999,-7.980000,-39.480000
221085496107920,ACC,-3.442967,3.488458,9.689631
221085498107653,ACC,-3.579441,3.402265,9.541185
221085500107386,ACC,-3.701549,3.351985,9.399923
221085502107119,ACC,-3.763800,3.318465,9.301758
221085504106852,ACC,-3.876331,3.249031,9.052753
221085503507107,MAG,29.459999,-7.800000,-39.540001
221085506106585,ACC,-3.929005,3.225088,8.911490
221085508106318,ACC,-4.029564,3.181991,8.664881
221085510106118,ACC,-4.156461,3.160443,8.482916
221085512105851,ACC,-4.223501,3.148471,8.408693
221085514105584,ACC,-4.393494,3.129317,8.265037
221085513505907,MAG,29.160000,-7.680000,-39.239998
221085516105317,ACC,-4.443774,3.126923,8.262642
221085518105050,ACC,-4.494054,3.122134,8.296163
221085520104783,ACC,-4.537151,3.134106,8.444607
221085522104516,ACC,-4.549122,3.184386,8.621783
221085524104249,ACC,-4.517997,3.261002,8.777411
221085523504740,MAG,29.699999,-7.860000,-39.180000
221085526104049,ACC,-4.470111,3.306494,8.834874
221085528103782,ACC,-4.333637,3.421419,8.947405
221085530103515,ACC,-4.166038,3.490853,8.988108
221085532103248,ACC,-4.082239,3.641692,9.067119
221085534102981,ACC,-3.847600,3.778166,9.138947
221085533503540,MAG,29.760000,-7.980000,-38.939999
221085536102714,ACC,-3.593807,3.881119,9.261055
221085538102447,ACC,-3.469304,3.924217,9.323306
221085540102080,ACC,-3.227483,3.981679,9.545974
221085542101880,ACC,-2.968901,4.008016,9.857229
221085544101613,ACC,-2.734262,4.012805,10.240314
221085543502273,MAG,29.760000,-8.099999,-39.180000
221085546101346,ACC,-2.626519,4.010410,10.441432
221085548101046,ACC,-2.430189,4.031959,10.850853
221085550100779,ACC,-2.336812,4.043930,11.042396
221085552100512,ACC,-2.154847,4.087027,11.356046
221085554100245,ACC,-1.951334,4.197164,11.559559
221085553501006,MAG,29.939999,-8.099999,-39.599998
221085556099978,ACC,-1.848380,4.264204,11.617022
221085558099778,ACC,-1.668810,4.383917,11.698426
221085560099511,ACC,-1.450930,4.520391,11.708004
221085562099244,ACC,-1.362342,4.599402,11.717581
221085564098977,ACC,-1.151646,4.788549,11.851661
221085563499739,MAG,29.820000,-7.800000,-39.360001
221085566098710,ACC,-1.103761,4.965726,11.882786
221085568098443,ACC,-1.051087,5.030371,11.904334
221085570098176,ACC,-0.960104,5.128537,11.935460
221085572097976,ACC,-0.854756,5.171634,12.014471
221085574097776,ACC,-0.766168,5.162056,12.107848
221085573498472,MAG,30.119999,-7.500000,-39.899998
221085576097509,ACC,-0.727860,5.147691,12.170099
221085578097242,ACC,-0.646454,5.128537,12.316150
221085580096975,ACC,-0.610540,5.109383,12.435863
221085582096708,ACC,-0.622511,5.097411,12.490932
221085584096441,ACC,-0.648848,5.066286,12.622617
221085583497205,MAG,30.359999,-7.080000,-39.959999
221085586096174,ACC,-0.720677,5.066286,12.730359
221085588096174,ACC,-0.768562,5.054314,12.783033
221085590095974,ACC,-0.895459,5.056708,12.804582
221085592095707,ACC,-1.015172,5.027977,12.715994
221085594095440,ACC,-1.142069,5.008823,12.562760
221085593495938,MAG,30.359999,-7.080000,-39.599998
221085596095173,ACC,-1.225869,5.001640,12.493326
221085598094906,ACC,-1.383891,4.968120,12.385584
221085600094639,ACC,-1.479662,4.965726,12.364035
221085602094372,ACC,-1.673598,4.951360,12.352064
221085604094172,ACC,-1.886689,4.963332,12.356853
221085603494671,MAG,30.119999,-6.600000,-40.139999
221085606093905,ACC,-2.001614,4.972909,12.364035
221085608093671,ACC,-2.200339,4.956149,12.342486
221085610093404,ACC,-2.391881,4.908263,12.268264
221085612093137,ACC,-2.480469,4.891503,12.206013
221085614092870,ACC,-2.741445,4.846012,12.055174
221085613493404,MAG,29.820000,-6.600000,-40.320000
221085616092603,ACC,-2.803696,4.774184,11.866026
221085618092336,ACC,-2.851581,4.731087,11.765467
221085620092136,ACC,-2.899467,4.666441,11.576319
221085622091869,ACC,-2.942564,4.582642,11.394354
221085624091602,ACC,-2.990449,4.484477,11.241120
221085623492070,MAG,29.219999,-6.660000,-40.439999
221085626091335,ACC,-3.014392,4.410254,11.176475
221085628091068,ACC,-3.067066,4.240261,11.056761
221085630090801,ACC,-3.091009,4.146884,10.984933
221085632090534,ACC,-3.148471,3.962525,10.850853
221085634090267,ACC,-3.237060,3.754223,10.771842
221085633490803,MAG,29.099998,-6.960000,-40.739998
221085636090067,ACC,-3.265791,3.653663,10.726351
221085638089800,ACC,-3.335225,3.447756,10.618608
221085640089533,ACC,-3.378322,3.265791,10.513261
221085642089266,ACC,-3.411842,3.179597,10.446221
221085644088999,ACC,-3.428602,3.000026,10.400730
221085643489536,MAG,29.160000,-7.800000,-40.200001
221085646088732,ACC,-3.430996,2.952141,10.383970
221085648088265,ACC,-3.452544,2.863553,10.328901
221085650087998,ACC,-3.440573,2.825244,10.290593
221085652087798,ACC,-3.419024,2.743839,10.216371
221085654087564,ACC,-3.366350,2.643279,10.115811
221085653488236,MAG,28.799999,-8.280000,-40.379997
221085656087330,ACC,-3.332830,2.597788,10.051166
221085658087096,ACC,-3.249031,2.509200,9.921875
221085660086862,ACC,-3.110163,2.446949,9.797373
221085662086628,ACC,-3.000026,2.420612,9.768641
221085664086394,ACC,-2.803696,2.413429,9.742304
221085663487002,MAG,29.160000,-9.179999,-40.379997
221085666086227,ACC,-2.626519,2.423006,9.730332
221085668086060,ACC,-2.535537,2.446949,9.744699
221085670085826,ACC,-2.346389,2.518777,9.783007
221085672085592,ACC,-2.207521,2.549903,9.828498
221085674085358,ACC,-2.083019,2.597788,9.888355
221085673485768,MAG,28.859999,-9.599999,-40.500000
221085676085124,ACC,-2.020768,2.636096,9.924269
221085678084890,ACC,-1.922603,2.717502,10.000886
221085680084656,ACC,-1.843592,2.789330,10.063137
221085682084489,ACC,-1.807678,2.822850,10.099051
221085684084255,ACC,-1.743032,2.894678,10.146936
221085683484468,MAG,28.680000,-10.320000,-40.799999
221085686084021,ACC,-1.702329,2.925804,10.178062
221085688083787,ACC,-1.594587,2.995238,10.257073
221085690083553,ACC,-1.472479,3.033546,10.350450
221085692083319,ACC,-1.343188,3.033546,10.412702
221085694083085,ACC,-1.221080,2.983266,10.599455
221085693483234,MAG,28.740000,-10.860000,-40.439999
221085696082851,ACC,-1.158829,2.961718,10.666494
221085698082684,ACC,-1.087001,2.897073,10.762265
221085700082450,ACC,-1.060664,2.853976,10.798180
221085702082216,ACC,-0.976864,2.767782,10.874796
221085704081982,ACC,-0.962498,2.674405,10.941835
221085703482000,MAG,28.379999,-11.400000,-40.680000
221085706081748,ACC,-0.957710,2.624125,10.965778
221085708081514,ACC,-0.986441,2.521171,10.982538
221085710081280,ACC,-1.019961,2.413429,10.944230
221085712081046,ACC,-1.046298,2.351178,10.896344
221085714080846,ACC,-1.122915,2.250618,10.793391
221085713480766,MAG,28.619999,-12.120000,-40.739998
221085716080579,ACC,-1.177983,2.133299,10.630580
221085718080312,ACC,-1.199532,2.078231,10.561146
221085720080045,ACC,-1.276148,1.963305,10.431855
221085722079778,ACC,-1.316851,1.872323,10.309748
221085724079511,ACC,-1.328822,1.743032,10.151725
221085723479532,MAG,28.260000,-12.179999,-40.320000
221085726079244,ACC,-1.338400,1.680781,10.063137
221085728078977,ACC,-1.364737,1.537124,9.859624
221085730078777,ACC,-1.381497,1.467690,9.751882
221085732078510,ACC,-1.417411,1.331217,9.541185
221085734078243,ACC,-1.494027,1.189955,9.337671
221085733478298,MAG,28.199999,-12.719999,-40.860001
221085736077976,ACC,-1.539519,1.115732,9.261055
221085738077709,ACC,-1.596981,0.986441,9.095850
221085740077442,ACC,-1.652050,0.873910,8.961771
221085742077142,ACC,-1.680781,0.835602,8.892337
221085744076942,ACC,-1.757398,0.701523,8.734315
221085743477064,MAG,27.719999,-13.080000,-40.439999
221085746076742,ACC,-1.778946,0.682368,8.693612
221085748076475,ACC,-1.812466,0.665608,8.667274
221085750076208,ACC,-1.812466,0.584203,8.607418
221085752075941,ACC,-1.824437,0.519558,8.581081
221085754075674,ACC,-1.836409,0.486038,8.561927
221085753475830,MAG,27.119999,-13.320000,-39.959999
221085756075407,ACC,-1.826832,0.476461,8.547561
221085758075140,ACC,-1.822043,0.452518,8.518829
221085760074940,ACC,-1.874717,0.442941,8.494887
221085762074673,ACC,-1.905843,0.438152,8.504464
221085763474530,MAG,26.879999,-14.340000,-40.020000
221085764074406,ACC,-1.975277,0.452518,8.523619
221085766074139,ACC,-2.090202,0.505192,8.585870
221085768073872,ACC,-2.162030,0.541106,8.638543
221085770073605,ACC,-2.327235,0.634483,8.743892
221085772073338,ACC,-2.530748,0.715888,8.854029
221085774073071,ACC,-2.700742,0.828419,8.937828
221085773473296,MAG,26.879999,-14.820000,-39.299999
221085776072871,ACC,-2.758204,0.876305,8.973742
221085778072604,ACC,-2.846793,0.984047,8.995291
221085780072337,ACC,-2.865947,1.034327,8.992896
221085782072070,ACC,-2.832427,1.122915,8.995291
221085784071803,ACC,-2.784542,1.197137,8.937828
221085783472062,MAG,27.000000,-15.179999,-39.180000
221085786071536,ACC,-2.743839,1.197137,8.913885
221085788071269,ACC,-2.657645,1.187560,8.868394
221085790071002,ACC,-2.571451,1.137281,8.810931
221085792070802,ACC,-2.528354,1.110944,8.803748
221085794070535,ACC,-2.411035,1.043904,8.798960
221085793470762,MAG,27.240000,-15.839999,-39.360001
221085796070268,ACC,-2.377515,1.010384,8.791777
221085798070001,ACC,-2.332024,0.967287,8.777411
221085800069734,ACC,-2.267378,0.876305,8.748680
221085802069500,ACC,-2.224281,0.792505,8.743892
221085804069233,ACC,-2.188367,0.687157,8.727132
221085803469528,MAG,27.420000,-15.960000,-39.180000
221085806068966,ACC,-2.174001,0.644060,8.715160
221085808068766,ACC,-2.145270,0.545895,8.679246
221085810068499,ACC,-2.128510,0.442941,8.612206
221085812068232,ACC,-2.104568,0.385478,8.571504
221085814067965,ACC,-2.071048,0.277736,8.490098
221085813468294,MAG,27.240000,-16.020000,-38.879997
221085816067698,ACC,-2.042316,0.184359,8.411087
221085818067431,ACC,-2.032739,0.146051,8.372779
221085820067164,ACC,-2.025557,0.074223,8.291373
221085822066964,ACC,-2.015979,0.004789,8.190814
221085824066764,ACC,-2.032739,-0.059857,8.080677
221085823467060,MAG,27.240000,-16.440001,-38.399998
221085826066497,ACC,-2.054288,-0.088588,8.013638
221085828066230,ACC,-2.126116,-0.119714,7.889135
221085830065963,ACC,-2.154847,-0.131685,7.848433
221085833465826,MAG,27.059999,-16.500000,-38.160000
221085832065696,ACC,-2.229070,-0.162811,7.774210
221085843464592,MAG,27.180000,-16.740000,-38.459999
221085834065429,ACC,-2.276955,-0.208302,7.743085
221085836065162,ACC,-2.296109,-0.220273,7.731113
221085838064962,ACC,-2.351178,-0.251399,7.757451
221085840064762,ACC,-2.360755,-0.280130,7.824490
221085842064495,ACC,-2.372726,-0.282524,7.879559
221085844064228,ACC,-2.454132,-0.256187,8.075889
221085846063961,ACC,-2.504411,-0.241822,8.133351
221085848063694,ACC,-2.566663,-0.227456,8.195602
221085850063427,ACC,-2.724685,-0.165205,8.332076
221085852063160,ACC,-2.899467,-0.047885,8.463761
221085854062960,ACC,-3.114952,0.114925,8.638543
221085853463358,MAG,27.059999,-17.039999,-38.340000
221085856062693,ACC,-3.203540,0.196331,8.724737
221085858062426,ACC,-3.380716,0.359141,8.858817
221085860062159,ACC,-3.512401,0.531529,8.940222
221085862061892,ACC,-3.562681,0.622511,8.997684
221085864061625,ACC,-3.641692,0.799688,9.047964
221085863462124,MAG,27.180000,-17.160000,-38.579998
221085866061358,ACC,-3.672817,0.964893,9.067119
221085868061091,ACC,-3.665635,1.029538,9.091062
221085870060891,ACC,-3.617749,1.154040,9.160496
221085872060624,ACC,-3.553104,1.242629,9.239507
221085874060357,ACC,-3.464516,1.280937,9.301758
221085873460824,MAG,27.420000,-17.039999,-38.459999
221085876060090,ACC,-3.414236,1.292908,9.328094
221085878059823,ACC,-3.311282,1.312063,9.361614
221085880059556,ACC,-3.193963,1.285726,9.395134
221085882059289,ACC,-3.134106,1.268966,9.385557
221085884059022,ACC,-3.009604,1.218686,9.364009
221085883459590,MAG,27.180000,-16.619999,-38.040001
221085886058855,ACC,-2.949747,1.192349,9.356826
221085888058588,ACC,-2.825244,1.115732,9.311335
221085890058321,ACC,-2.710319,1.051087,9.253872
221085892058054,ACC,-2.645674,1.019961,9.237112
221085894057787,ACC,-2.490046,0.921796,9.165284
221085893458356,MAG,27.480000,-16.559999,-38.279999
221085896057520,ACC,-2.446949,0.881093,9.138947
221085898057253,ACC,-2.399063,0.833208,9.107821
221085900056986,ACC,-2.324841,0.778139,9.038387
221085902056786,ACC,-2.264984,0.727860,8.971348
221085904056519,ACC,-2.197944,0.675186,8.877971
221085903457056,MAG,27.900000,-16.260000,-38.399998
221085906056252,ACC,-2.162030,0.639271,8.830086
221085908055985,ACC,-2.130905,0.545895,8.736709
221085910055718,ACC,-2.104568,0.498009,8.684034
221085912055451,ACC,-2.097385,0.371113,8.597841
221085914055184,ACC,-2.128510,0.217879,8.554744
221085913455822,MAG,27.719999,-16.320000,-38.399998
221085916054984,ACC,-2.238647,0.119714,8.523619
221085918054784,ACC,-2.305687,-0.059857,8.504464
221085920054517,ACC,-2.470892,-0.225062,8.466156
221085922054250,ACC,-2.722291,-0.363930,8.447001
221085924053983,ACC,-3.000026,-0.466884,8.418270
221085923454588,MAG,27.959999,-16.619999,-38.340000
221085926053716,ACC,-3.138894,-0.502798,8.406299
221085928053449,ACC,-3.356773,-0.517163,8.435030
221085930053182,ACC,-3.452544,-0.509981,8.468550
221085932052982,ACC,-3.596201,-0.498009,8.516436
221085934052715,ACC,-3.680000,-0.442941,8.614601
221085933453288,MAG,27.959999,-16.619999,-38.040001
221085936052448,ACC,-3.715914,-0.411815,8.688824
221085938052181,ACC,-3.778166,-0.316044,8.873182
221085940051914,ACC,-3.835628,-0.172388,9.117398
221085942051647,ACC,-3.859571,-0.112531,9.234718
221085944051380,ACC,-3.986468,0.023943,9.644139
221085943452054,MAG,27.779999,-16.920000,-37.680000
221085946051080,ACC,-4.022382,0.167599,9.845258
221085948050880,ACC,-4.058296,0.260976,10.082292
221085950050613,ACC,-4.127730,0.433364,10.611426
221085952050346,ACC,-4.187587,0.593780,11.159715
221085954050046,ACC,-4.249838,0.747014,11.645753
221085953450754,MAG,27.900000,-16.920000,-37.619999
221085956049779,ACC,-4.273780,0.814053,11.858843
221085958049512,ACC,-4.309695,0.933767,12.206013
221085960049245,ACC,-4.304906,0.981653,12.349669
221085962048978,ACC,-4.242655,1.082212,12.613040
221085964048778,ACC,-4.132518,1.180377,12.866833
221085963449487,MAG,27.539999,-16.740000,-37.259998
221085966048511,ACC,-3.984073,1.228263,12.974575
221085968048244,ACC,-3.895485,1.312063,13.170906
221085970047977,ACC,-3.677606,1.376708,13.340899
221085972047710,ACC,-3.430996,1.417411,13.405544
221085974047443,ACC,-3.131711,1.424594,13.355265
221085973448220,MAG,27.059999,-16.980000,-37.259998
221085976047176,ACC,-2.961718,1.426988,13.264282
221085978046909,ACC,-2.626519,1.424594,13.055981
221085980046709,ACC,-2.458920,1.415016,12.905141
221085982046442,ACC,-2.152453,1.403045,12.536423
221085984046175,ACC,-1.874717,1.379102,12.081511
221085983446953,MAG,26.639999,-16.920000,-37.139999
221085986045908,ACC,-1.759792,1.371920,11.839689
221085988045641,ACC,-1.544307,1.362342,11.336891
221085990045374,ACC,-1.383891,1.316851,10.862824
221085992045107,ACC,-1.321640,1.268966,10.618608
221085994044907,ACC,-1.218686,1.168406,10.122993
221085993445686,MAG,26.039999,-17.400000,-37.200001
221085996044707,ACC,-1.175589,1.036721,9.641745
221085998044440,ACC,-1.173195,0.964893,9.419077
221086000044173,ACC,-1.213897,0.802082,9.012051
221086002043906,ACC,-1.307274,0.569837,8.700794
221086004043639,ACC,-1.448536,0.337593,8.502069
221086003444419,MAG,25.859999,-17.879999,-37.799999
221086006043372,ACC,-1.529942,0.203513,8.439818
221086008043105,ACC,-1.716695,-0.086194,8.375174
221086010042905,ACC,-1.824437,-0.234639,8.351231
221086012042638,ACC,-2.118933,-0.555472,8.384750
221086014042404,ACC,-2.482863,-0.885882,8.490098
221086013443085,MAG,25.859999,-18.000000,-37.860001
221086016042170,ACC,-2.667222,-1.051087,8.557138
221086018041903,ACC,-3.071855,-1.381497,8.727132
221086020041636,ACC,-3.510007,-1.683175,8.873182
221086022041369,ACC,-3.974496,-1.819649,8.976136
221086024041102,ACC,-4.381523,-2.123722,9.050359
221086023441818,MAG,25.980000,-18.059999,-38.160000
221086026040902,ACC,-4.556305,-2.200339,9.105427
221086028040635,ACC,-4.836435,-2.308081,9.220352
221086030040368,ACC,-4.927418,-2.329629,9.287392
221086032040101,ACC,-5.032766,-2.336812,9.447808
221086034039834,ACC,-5.066286,-2.262590,9.627379
221086033440551,MAG,26.160000,-18.059999,-37.980000
221086036039567,ACC,-5.047131,-2.200339,9.720756
221086038039300,ACC,-4.965726,-2.006402,9.895537
221086040039033,ACC,-4.781367,-1.774158,10.060742
221086042038833,ACC,-4.671230,-1.649655,10.125388
221086044038566,ACC,-4.412649,-1.407834,10.218765
221086043439217,MAG,26.580000,-18.299999,-37.799999
221086046038299,ACC,-4.077450,-1.166012,10.324113
221086048038032,ACC,-3.905062,-1.031932,10.379181
221086050037765,ACC,-3.574652,-0.780534,10.522838
221086052037498,ACC,-3.215511,-0.565049,10.707197
221086054037231,ACC,-2.837216,-0.395055,10.865219
221086053437950,MAG,26.879999,-18.359999,-37.980000
221086056036964,ACC,-2.652857,-0.323227,10.937047
221086058036764,ACC,-2.274561,-0.210696,11.044789
221086060036530,ACC,-1.857957,-0.155628,11.104647
221086062036296,ACC,-1.632895,-0.126897,11.126195
221086064036062,ACC,-1.170800,-0.110137,11.147743
221086063436716,MAG,26.580000,-18.719999,-37.680000
221086066035828,ACC,-0.943344,-0.114925,11.171686
221086068035594,ACC,-0.517163,-0.146051,11.200418
221086070035360,ACC,-0.177176,-0.186753,11.166898
221086072035193,ACC,-0.033520,-0.213090,11.140561
221086074035026,ACC,0.349564,-0.294496,11.049579
221086073435482,MAG,26.820000,-18.719999,-37.619999
221086076034759,ACC,0.442941,-0.308861,11.028029
221086078034525,ACC,0.572232,-0.323227,10.975356
221086080034291,ACC,0.612934,-0.356747,10.956202
221086082034057,ACC,0.644060,-0.395055,10.946625
221086084033823,ACC,0.627300,-0.452518,10.941835
221086083434248,MAG,27.059999,-18.600000,-37.860001
221086086033589,ACC,0.615329,-0.507586,10.958596
221086088033422,ACC,0.529135,-0.696734,11.025636
221086090033255,ACC,0.344776,-0.952921,11.157321
221086092033021,ACC,0.229850,-1.091789,11.202812
221086094032787,ACC,-0.057463,-1.379102,11.274640
221086093433014,MAG,26.519999,-18.959999,-37.559998
221086096032553,ACC,-0.378295,-1.680781,11.286612
221086098032319,ACC,-0.553077,-1.826832,11.260275
221086100032085,ACC,-0.878699,-2.097385,11.219572
221086102031851,ACC,-1.098972,-2.353572,11.219572
221086104031684,ACC,-1.237840,-2.576240,11.102252
221086103431780,MAG,26.639999,-19.199999,-37.980000
221086106031517,ACC,-1.264177,-2.686376,10.982538
221086108031283,ACC,-1.268966,-2.887496,10.695226
221086110031049,ACC,-1.221080,-2.947352,10.575512
221086112030815,ACC,-1.113338,-3.043123,10.393547
221086114030581,ACC,-0.948133,-3.100586,10.302565
221086113430546,MAG,26.519999,-19.260000,-38.099998
221086116030347,ACC,-0.878699,-3.119740,10.271439
221086118030113,ACC,-0.744619,-3.091009,10.202005
221086120029913,ACC,-0.629694,-3.062278,10.099051
221086122029613,ACC,-0.557866,-3.038335,10.032011
221086124029346,ACC,-0.366324,-2.947352,9.869201
221086123429246,MAG,26.219999,-19.260000,-37.680000
221086126029079,ACC,-0.311256,-2.932987,9.823709
221086128028812,ACC,-0.246610,-2.932987,9.780613
221086130028545,ACC,-0.126897,-2.935381,9.696813
221086132028278,ACC,-0.043097,-2.954535,9.672871
221086134028011,ACC,0.016760,-2.968901,9.694419
221086133428012,MAG,26.519999,-18.900000,-37.619999
221086136027811,ACC,0.031126,-2.964112,9.703996
221086138027544,ACC,0.050280,-2.925804,9.773430
221086140027277,ACC,0.093377,-2.887496,9.929058
221086142027010,ACC,0.129291,-2.853976,9.998491
221086144026743,ACC,0.234639,-2.751022,10.132571
221086143426778,MAG,26.459999,-18.840000,-37.079998
221086146026476,ACC,0.452518,-2.657645,10.206794
221086148026209,ACC,0.593780,-2.602577,10.242707
221086150025942,ACC,0.957710,-2.506806,10.316930
221086152025742,ACC,1.362342,-2.387092,10.364816
221086154025475,ACC,1.783735,-2.264984,10.398335
221086153425478,MAG,26.580000,-19.139999,-36.959999
221086156025208,ACC,1.960911,-2.202733,10.410307
221086158024941,ACC,2.253013,-2.078231,10.422278
221086160024674,ACC,2.365544,-2.013585,10.434250
221086162024407,ACC,2.513988,-1.908237,10.460587
221086164024140,ACC,2.554691,-1.822043,10.494106
221086163424244,MAG,26.459999,-19.559999,-36.660000
221086166023873,ACC,2.545114,-1.781340,10.494106
221086168023673,ACC,2.437372,-1.726272,10.489318
221086170023406,ACC,2.233858,-1.723878,10.479741
221086172023139,ACC,2.114145,-1.743032,10.474953
221086174022872,ACC,1.668810,-1.857957,10.539598
221086173423010,MAG,26.340000,-19.379999,-36.360001
221086176022605,ACC,1.508393,-1.903448,10.573117
221086178022338,ACC,1.338400,-1.958517,10.606637
221086180022071,ACC,0.957710,-2.114145,10.700014
221086182021904,ACC,0.553077,-2.298504,10.831699
221086184021637,ACC,0.098165,-2.518777,10.984933
221086183421710,MAG,26.519999,-19.740000,-36.660000
221086186021370,ACC,-0.143656,-2.633702,11.040001
221086188021103,ACC,-0.639271,-2.887496,11.092675
221086190020836,ACC,-1.156435,-3.138894,11.099858
221086192020569,ACC,-1.393468,-3.268185,11.080704
221086194020302,ACC,-1.807678,-3.531555,11.047184
221086193420476,MAG,26.639999,-19.680000,-36.540001
221086196020035,ACC,-2.121327,-3.739857,11.032818
221086198019835,ACC,-2.229070,-3.849994,11.023241
221086200019568,ACC,-2.370332,-4.043930,11.006481
221086202019301,ACC,-2.444555,-4.163644,10.996904
221086204019034,ACC,-2.434978,-4.211529,10.946625
221086203419242,MAG,26.820000,-19.619999,-36.599998
221086206018767,ACC,-2.420612,-4.209135,10.915499
221086208018500,ACC,-2.334418,-4.170827,10.870008
221086210018233,ACC,-2.269773,-4.137307,10.846065
221086212017966,ACC,-2.109356,-4.027170,10.807756
221086214017766,ACC,-1.896266,-3.876331,10.755082
221086213418008,MAG,26.879999,-20.160000,-36.719997
221086216017499,ACC,-1.764580,-3.802108,10.719169
221086218017232,ACC,-1.482056,-3.660846,10.616215
221086220016965,ACC,-1.127703,-3.524373,10.515655
221086222016698,ACC,-0.921796,-3.471699,10.470163
221086224016431,ACC,-0.280130,-3.316071,10.424672
221086223416774,MAG,27.000000,-19.980000,-36.360001
221086226016164,ACC,-0.079011,-3.282551,10.443827
221086228015897,ACC,0.131685,-3.244242,10.460587
221086230015697,ACC,0.543500,-3.186780,10.484529
221086232015430,ACC,0.948133,-3.138894,10.530021
221086234015163,ACC,1.302485,-3.088614,10.573117
221086233415540,MAG,26.939999,-19.859999,-36.540001
221086236014896,ACC,1.458113,-3.086220,10.568329
221086238014629,ACC,1.788523,-3.091009,10.575512
221086240014362,ACC,2.087808,-3.083826,10.599455
221086242014095,ACC,2.226676,-3.079037,10.640158
221086244013895,ACC,2.475680,-3.047912,10.757477
221086243414306,MAG,26.879999,-20.039999,-36.480000
221086246013695,ACC,2.691165,-2.980872,10.932259
221086248013428,ACC,2.789330,-2.932987,11.030424
221086250013161,ACC,2.952141,-2.815667,11.212389
221086252012894,ACC,3.050306,-2.703136,11.277035
221086254012627,ACC,3.079037,-2.581028,11.327314
221086253413106,MAG,27.059999,-20.100000,-36.480000
221086256012360,ACC,3.081432,-2.523566,11.346468
221086258012093,ACC,3.102980,-2.425400,11.358439
221086260011893,ACC,3.083826,-2.394275,11.391959
221086262011693,ACC,3.035940,-2.324841,11.456605
221086264011459,ACC,2.949747,-2.298504,11.528433
221086263411839,MAG,27.240000,-20.279999,-36.540001
221086266011225,ACC,2.913832,-2.293715,11.530828
221086268010991,ACC,2.825244,-2.298504,11.480548
221086270010757,ACC,2.688771,-2.296109,11.470970
221086272010523,ACC,2.619337,-2.308081,11.473365
221086274010289,ACC,2.444555,-2.320052,11.480548
221086273410639,MAG,27.359999,-20.459999,-36.180000
221086276010122,ACC,2.379909,-2.336812,11.466182
221086278009922,ACC,2.322447,-2.341601,11.447028
221086280009722,ACC,2.221887,-2.370332,11.415902
221086282009522,ACC,2.087808,-2.401458,11.439845
221086284009355,ACC,1.951334,-2.485257,11.545193
221086283409505,MAG,27.299999,-20.459999,-36.239998
221086286009155,ACC,1.869929,-2.559480,11.607444
221086288008955,ACC,1.692752,-2.686376,11.741524
221086290008755,ACC,1.601770,-2.760599,11.787015
221086292008621,ACC,1.374314,-2.923409,11.784620
221086294008487,ACC,1.149252,-3.098191,11.700821
221086293408338,MAG,27.240000,-20.279999,-36.119999
221086296008353,ACC,0.943344,-3.196357,11.518856
221086298008219,ACC,0.840390,-3.392687,11.391959
221086300008085,ACC,0.651243,-3.581835,11.109435
221086302007951,ACC,0.493221,-3.766194,10.807756
221086304007817,ACC,0.399844,-3.945765,10.541992
221086303407238,MAG,26.939999,-19.920000,-36.059998
221086306007683,ACC,0.385478,-4.022382,10.436644
221086308007616,ACC,0.387873,-4.173221,10.271439
221086310007482,ACC,0.411815,-4.242655,10.204399
221086312007348,ACC,0.507586,-4.395888,10.118205
221086314007214,ACC,0.593780,-4.525179,10.029617
221086313406138,MAG,26.459999,-20.039999,-35.700001
221086316007080,ACC,0.622511,-4.580248,9.981731
221086318006946,ACC,0.646454,-4.690384,9.869201
221086320006812,ACC,0.588992,-4.755030,9.708784
221086322006678,ACC,0.524346,-4.776578,9.593859
221086324006578,ACC,0.203513,-4.807704,9.306546
221086323405038,MAG,26.639999,-19.920000,-35.219997
221086326006411,ACC,0.083800,-4.793338,9.026416
221086328006244,ACC,-0.043097,-4.771790,8.913885
221086330006077,ACC,-0.318439,-4.714327,8.724737
221086332005910,ACC,-0.610540,-4.630527,8.609812
221086334005743,ACC,-0.861939,-4.556305,8.554744
221086333403938,MAG,27.059999,-20.219999,-35.040001
221086336005576,ACC,-0.950527,-4.510814,8.547561
221086338005442,ACC,-1.070241,-4.419831,8.585870
221086340005308,ACC,-1.094184,-4.376734,8.633755
221086342005108,ACC,-1.079818,-4.304906,8.779806
221086344004874,ACC,-0.996018,-4.206741,8.937828
221086343402838,MAG,27.359999,-20.580000,-34.919998
221086346004674,ACC,-0.924190,-4.144490,9.021627
221086348004474,ACC,-0.814053,-4.015199,9.201198
221086350004274,ACC,-0.675186,-3.878725,9.387952
221086352004074,ACC,-0.517163,-3.787743,9.555551
221086354003874,ACC,-0.347170,-3.488458,9.711179
221086353401738,MAG,27.900000,-20.580000,-35.099998
221086356003607,ACC,-0.272947,-3.380716,9.778218
221086358003340,ACC,-0.093377,-3.143683,9.969760
221086360003073,ACC,0.067040,-3.028758,10.175668
221086362002806,ACC,0.136474,-2.786936,10.295382
221086364002539,ACC,0.308861,-2.573845,10.544386
221086363400604,MAG,27.900000,-20.699999,-35.700001
221086366002272,ACC,0.409421,-2.458920,10.680860
221086368002005,ACC,0.600963,-2.226676,10.925076
221086370001805,ACC,0.780534,-2.049499,11.142955
221086372001538,ACC,0.854756,-1.958517,11.250697
221086374001271,ACC,0.993624,-1.793312,11.408719
221086373399404,MAG,27.299999,-20.580000,-35.700001
221086376001004,ACC,1.077424,-1.659232,11.521251
221086378000737,ACC,1.094184,-1.589798,11.566742
221086380000470,ACC,1.087001,-1.465296,11.640965
221086382000203,ACC,1.046298,-1.336005,11.700821
221086383999936,ACC,0.955316,-1.247417,11.770255
221086383398270,MAG,27.480000,-20.520000,-35.759998
221086385999736,ACC,0.907430,-1.197137,11.810958
221086387999469,ACC,0.797293,-1.120521,11.882786
221086389999202,ACC,0.735042,-1.094184,11.904334
221086391998935,ACC,0.629694,-1.072635,11.935460
221086393998668,ACC,0.560260,-1.094184,11.911517
221086393397136,MAG,27.059999,-20.340000,-35.939999
221086395998401,ACC,0.543500,-1.108549,11.875603
221086397998134,ACC,0.495615,-1.182772,11.844478
221086399997867,ACC,0.464489,-1.302485,11.806170
221086401997667,ACC,0.471672,-1.364737,11.770255
221086403997400,ACC,0.452518,-1.570644,11.566742
221086403395936,MAG,27.000000,-20.039999,-35.520000
221086405997133,ACC,0.433364,-1.637684,11.466182
221086407996866,ACC,0.416604,-1.774158,11.233937
221086409996599,ACC,0.395055,-1.836409,11.085492
221086411996332,ACC,0.359141,-1.946545,10.747900
221086413996065,ACC,0.306467,-2.059076,10.398335
221086413394802,MAG,27.119999,-20.219999,-35.219997
221086415995865,ACC,0.282524,-2.116539,10.235525
221086417995665,ACC,0.234639,-2.236253,9.907509
221086419995398,ACC,0.174782,-2.346389,9.574705
221086421995131,ACC,0.119714,-2.396669,9.404712
221086423994864,ACC,0.023943,-2.480469,9.100638
221086423393668,MAG,26.939999,-20.279999,-35.279999
221086425994597,ACC,-0.086194,-2.530748,8.897125
221086427994330,ACC,-0.150839,-2.549903,8.813326
221086429994063,ACC,-0.313650,-2.597788,8.657698
221086431993863,ACC,-0.490826,-2.631308,8.547561
221086433993596,ACC,-0.610540,-2.660039,8.439818
221086433392468,MAG,26.939999,-20.340000,-34.799999
221086435993329,ACC,-0.660820,-2.664828,8.401510
221086437993062,ACC,-0.708705,-2.676799,8.339259
221086439992795,ACC,-0.694340,-2.681588,8.310528
221086441992528,ACC,-0.620117,-2.688771,8.267431
221086443992261,ACC,-0.502798,-2.667222,8.277008
221086443391334,MAG,27.059999,-20.760000,-34.860001
221086445991994,ACC,-0.430969,-2.655251,8.303345
221086447991794,ACC,-0.251399,-2.621731,8.406299
221086449991527,ACC,-0.071828,-2.602577,8.518829
221086451991260,ACC,0.019154,-2.604971,8.566715
221086453990993,ACC,0.316044,-2.595394,8.593052
221086453390200,MAG,27.660000,-21.000000,-35.340000
221086455990726,ACC,0.418998,-2.597788,8.590658
221086457990459,ACC,0.596174,-2.600183,8.583475
221086459990192,ACC,0.677580,-2.602577,8.566715
221086461989925,ACC,0.871516,-2.559480,8.585870
221086463989725,ACC,1.034327,-2.487652,8.616995
221086463389066,MAG,27.719999,-20.939999,-34.799999
221086465989458,ACC,1.106155,-2.439766,8.621783
221086467989191,ACC,1.237840,-2.327235,8.684034
221086469988924,ACC,1.350371,-2.164424,8.751075
221086471988657,ACC,1.403045,-2.087808,8.801354
221086473988390,ACC,1.501210,-1.913026,8.928250
221086473387932,MAG,27.779999,-21.059999,-35.040001
221086475988123,ACC,1.594587,-1.711906,9.074302
221086477987856,ACC,1.632895,-1.611347,9.134158
221086479987656,ACC,1.666415,-1.403045,9.313729
221086481987389,ACC,1.635290,-1.180377,9.493299
221086483987122,ACC,1.599376,-0.964893,9.639350
221086483386798,MAG,27.959999,-20.939999,-34.739998
221086485986855,ACC,1.577827,-0.861939,9.692024
221086487986588,ACC,1.549096,-0.679974,9.809344
221086489986321,ACC,1.541913,-0.593780,9.842864
221086491986054,ACC,1.501210,-0.409421,9.895537
221086493985854,ACC,1.505999,-0.260976,9.972155
221086493385664,MAG,27.420000,-20.699999,-34.739998
221086495985654,ACC,1.510787,-0.193936,10.015251
221086497985387,ACC,1.532336,-0.081405,10.130177
221086499985120,ACC,1.541913,0.035914,10.221159
221086501984853,ACC,1.551490,0.090982,10.254679
221086503984586,ACC,1.556279,0.215485,10.276228
221086503384530,MAG,27.119999,-21.059999,-35.219997
221086505984286,ACC,1.541913,0.272947,10.247497
221086507984019,ACC,1.517970,0.332804,10.211582
221086509983819,ACC,1.419805,0.442941,10.127783
221086511983619,ACC,1.259389,0.560260,10.043983
221086513983352,ACC,1.041510,0.653637,9.962578
221086513383330,MAG,27.180000,-21.359999,-35.700001
221086515983085,ACC,0.907430,0.701523,9.931452
221086517982818,ACC,0.598569,0.780534,9.842864
221086519982551,ACC,0.316044,0.837996,9.759064
221086521982284,ACC,0.165205,0.869122,9.718362
221086523982017,ACC,-0.119714,0.917007,9.634562
221086523382196,MAG,27.119999,-21.180000,-35.880001
221086525981817,ACC,-0.385478,0.955316,9.548368
221086527981550,ACC,-0.519558,0.948133,9.505271
221086529981283,ACC,-0.751802,0.890670,9.409500
221086531981016,ACC,-0.917007,0.804476,9.325701
221086533980749,ACC,-0.986441,0.718282,9.225141
221086533381062,MAG,27.420000,-20.939999,-35.939999
221086535980482,ACC,-0.996018,0.639271,9.174861
221086537980215,ACC,-0.938556,0.438152,9.086273
221086539979948,ACC,-0.818842,0.241822,8.980925
221086541979748,ACC,-0.723071,0.141262,8.928250
221086543979481,ACC,-0.493221,-0.050280,8.834874
221086543379862,MAG,27.840000,-20.219999,-35.520000
221086545979214,ACC,-0.375901,-0.136474,8.770228
221086547978947,ACC,-0.100560,-0.265765,8.657698
221086549978680,ACC,0.186753,-0.354353,8.595447
221086551978413,ACC,0.306467,-0.378295,8.583475
221086553978146,ACC,0.612934,-0.354353,8.578687
221086553378728,MAG,28.080000,-19.799999,-35.520000
221086555977879,ACC,0.687157,-0.318439,8.581081
221086557977679,ACC,0.747014,-0.275342,8.578687
221086559977412,ACC,0.835602,-0.165205,8.530801
221086561977145,ACC,0.871516,0.002394,8.456578
221086563976878,ACC,0.905036,0.201119,8.415876
221086563377561,MAG,28.260000,-19.859999,-35.639999
221086565976644,ACC,0.917007,0.323227,8.391933
221086567976377,ACC,0.972076,0.553077,8.413482
221086569976110,ACC,1.034327,0.646454,8.509253
221086571975843,ACC,1.096578,0.842785,8.585870
221086573975643,ACC,1.240234,1.000807,8.770228
221086573376394,MAG,28.320000,-19.500000,-35.279999
221086575975443,ACC,1.405439,1.125309,8.988108
221086577975176,ACC,1.501210,1.166012,9.122187
221086579974909,ACC,1.728666,1.197137,9.409500
221086581974642,ACC,1.946545,1.221080,9.677659
221086583974375,ACC,2.126116,1.201926,9.914692
221086583375160,MAG,28.500000,-19.859999,-35.639999
221086585974108,ACC,2.207521,1.187560,10.032011
221086587973908,ACC,2.327235,1.146858,10.266650
221086589973708,ACC,2.358361,1.132492,10.383970
221086591973441,ACC,2.351178,1.108549,10.640158
221086593973174,ACC,2.293715,1.091789,10.886767
221086593373893,MAG,28.199999,-19.139999,-35.279999
221086595972907,ACC,2.250618,1.094184,10.996904
221086597972640,ACC,2.169213,1.094184,11.212389
221086599972373,ACC,2.051893,1.122915,11.415902
221086601972106,ACC,1.996825,1.161223,11.499701
221086603971906,ACC,1.917814,1.278543,11.712792
221086603372626,MAG,28.559999,-18.900000,-35.279999
221086605971639,ACC,1.903448,1.326428,11.760678
221086607971372,ACC,1.896266,1.383891,11.796592
221086609971105,ACC,1.905843,1.498816,11.787015
221086611970838,ACC,1.936968,1.625713,11.688849
221086613970571,ACC,1.963305,1.757398,11.538011
221086613371359,MAG,28.680000,-18.600000,-35.759998
221086615970304,ACC,1.972882,1.798100,11.437450
221086617970037,ACC,1.968094,1.891477,11.219572
221086619969837,ACC,1.977671,1.939363,11.114223
221086621969570,ACC,1.980065,2.004008,10.944230
221086623969303,ACC,2.020768,2.013585,10.836488
221086623370025,MAG,28.260000,-17.879999,-35.820000
221086625969036,ACC,2.109356,1.996825,10.762265
221086627968769,ACC,2.188367,1.932180,10.709591
221086629968502,ACC,2.391881,1.793312,10.587483
221086631968235,ACC,2.688771,1.585010,10.439038
221086633967968,ACC,3.059883,1.391074,10.278622
221086633368758,MAG,28.859999,-18.119999,-36.119999
221086635967701,ACC,3.258608,1.288120,10.206794
221086637967434,ACC,3.660846,1.137281,10.096657
221086639967167,ACC,3.833234,1.077424,10.079897
221086641966900,ACC,4.166038,0.981653,10.087080
221086643966633,ACC,4.431803,0.955316,10.130177
221086643367491,MAG,28.199999,-18.000000,-36.299999
221086645966366,ACC,4.539545,0.967287,10.170879
221086647966099,ACC,4.704750,1.034327,10.230737
221086649965832,ACC,4.771790,1.161223,10.269045
221086651965632,ACC,4.783761,1.233052,10.257073
221086653965365,ACC,4.740664,1.415016,10.115811
221086653366157,MAG,28.439999,-18.480000,-36.360001
221086655965098,ACC,4.707144,1.594587,10.036800
221086657964831,ACC,4.673625,1.678387,9.953000
221086659964564,ACC,4.568276,1.867534,9.749487
221086661964297,ACC,4.391100,2.037528,9.541185
221086663964030,ACC,4.211529,2.207521,9.361614
221086663364890,MAG,28.680000,-18.240000,-36.480000
221086665963830,ACC,4.106181,2.272167,9.277815
221086667963630,ACC,3.866754,2.399063,9.155706
221086669963363,ACC,3.732674,2.458920,9.115005
221086671963096,ACC,3.433390,2.557086,9.062330
221086673962829,ACC,3.093403,2.614548,9.064724
221086673363623,MAG,28.500000,-17.940001,-36.180000
221086675962562,ACC,2.707925,2.643279,9.095850
221086677962295,ACC,2.509200,2.648068,9.213169
221086679962028,ACC,2.073442,2.643279,9.392740
221086681961828,ACC,1.604164,2.573845,9.613013
221086683961594,ACC,1.127703,2.542720,9.862018
221086683362323,MAG,29.039999,-17.699999,-36.059998
221086685961527,ACC,0.883487,2.530748,9.998491
221086687961293,ACC,0.416604,2.530748,10.300170
221086689961059,ACC,0.177176,2.537931,10.455798
221086691960825,ACC,-0.294496,2.571451,10.759871
221086693960591,ACC,-0.727860,2.633702,11.035213
221086693361089,MAG,28.619999,-16.980000,-35.759998
221086695960357,ACC,-0.926584,2.681588,11.157321
221086697960190,ACC,-1.247417,2.796513,11.336891
221086699959956,ACC,-1.424594,2.904255,11.435057
221086701959722,ACC,-1.458113,2.954535,11.459000
221086703959488,ACC,-1.412622,3.004815,11.504491
221086703359855,MAG,29.219999,-16.859999,-35.520000
221086705959254,ACC,-1.242629,3.011998,11.523644
221086707959020,ACC,-1.098972,2.992844,11.518856
221086709958786,ACC,-0.744619,2.937775,11.545193
221086711958552,ACC,-0.318439,2.846793,11.559559
221086713958385,ACC,0.196331,2.748627,11.593079
221086713358621,MAG,29.639999,-16.500000,-35.700001
221086715958218,ACC,0.466884,2.719896,11.631387
221086717957984,ACC,1.019961,2.695953,11.760678
221086719957750,ACC,1.577827,2.686376,11.875603
221086721957516,ACC,1.860352,2.695953,11.899546
221086723957282,ACC,2.434978,2.743839,11.892363
221086723357387,MAG,30.359999,-16.080000,-35.639999
221086725957048,ACC,2.710319,2.762993,11.851661
221086727956814,ACC,3.296916,2.784542,11.667301
221086729956647,ACC,3.871542,2.772570,11.363228
221086731956413,ACC,4.438985,2.751022,10.953807
221086733956179,ACC,5.016006,2.612154,10.513261
221086733356153,MAG,30.840000,-15.960000,-35.579998
221086735955979,ACC,5.293742,2.545114,10.328901
221086737955745,ACC,5.858790,2.399063,10.079897
221086739955511,ACC,6.124555,2.315264,10.022434
221086741955277,ACC,6.569890,2.135693,9.878778
221086743955077,ACC,6.816500,1.939363,9.557945
221086743354919,MAG,30.599998,-15.780000,-35.700001
221086745954710,ACC,6.852415,1.826832,9.368797
221086747954443,ACC,6.751855,1.625713,8.916280
221086749954176,ACC,6.409474,1.460508,8.449396
221086751953909,ACC,6.148498,1.403045,8.243488
221086753953642,ACC,5.504438,1.307274,7.893924
221086753353685,MAG,30.900000,-15.420000,-35.820000
221086755953375,ACC,4.728693,1.237840,7.630554
221086757953108,ACC,4.300117,1.209109,7.563514
221086759952908,ACC,3.445361,1.177983,7.477320
221086761952708,ACC,2.619337,1.149252,7.431829
221086763952441,ACC,1.889083,1.108549,7.407886
221086763352385,MAG,30.660000,-15.120000,-36.180000
221086765952174,ACC,1.568250,1.098972,7.410281
221086767951907,ACC,1.029538,1.091789,7.415069
221086769951640,ACC,0.804476,1.096578,7.431829
221086771951373,ACC,0.457306,1.151646,7.472532
221086773951106,ACC,0.181965,1.278543,7.532389
221086773351151,MAG,30.599998,-14.639999,-36.180000
221086775950839,ACC,0.090982,1.379102,7.580274
221086777950672,ACC,-0.043097,1.604164,7.699988
221086779950405,ACC,-0.100560,1.891477,7.920261
221086781950105,ACC,-0.100560,2.035134,8.092649
221086783949838,ACC,-0.033520,2.490046,8.707977
221086783349917,MAG,31.199999,-14.340000,-36.360001
221086785949571,ACC,0.009577,2.645674,8.928250
221086787949304,ACC,0.117319,2.794119,9.438231
221086789949037,ACC,0.162811,3.110163,9.711179
221086791948837,ACC,0.308861,3.450150,10.273833
221086793948570,ACC,0.447729,3.842811,10.805362
221086793348617,MAG,30.840000,-14.040000,-36.540001
221086795948270,ACC,0.507586,4.055902,11.071127
221086797948003,ACC,0.634483,4.501236,11.578713
221086799947736,ACC,0.763774,4.939389,12.064751
221086801947469,ACC,0.835602,5.157268,12.301784
221086803947202,ACC,0.957710,5.566689,12.802187
221086803347383,MAG,30.900000,-13.259999,-36.660000
221086805946935,ACC,1.091789,5.933013,13.269071
221086807946735,ACC,1.146858,6.091035,13.453430
221086809946468,ACC,1.290514,6.368771,13.723983
221086811946201,ACC,1.494027,6.565102,13.846091
221086813945934,ACC,1.790918,6.675238,13.795812
221086813346149,MAG,30.959999,-12.780000,-37.320000
221086815945667,ACC,1.987248,6.691998,13.704829
221086817945400,ACC,2.458920,6.634535,13.352871
221086819945133,ACC,2.710319,6.572284,13.130203
221086821944866,ACC,3.246637,6.368771,12.646560
221086823944666,ACC,3.739857,6.126949,12.158128
221086823344915,MAG,31.019999,-12.059999,-37.380001
221086825944399,ACC,3.967313,5.997658,11.925883
221086827944132,ACC,4.364763,5.722317,11.523644
221086829943865,ACC,4.661653,5.461341,11.154926
221086831943598,ACC,4.764607,5.339233,10.984933
221086833943331,ACC,4.934600,5.013611,10.470163
221086833343681,MAG,30.660000,-11.520000,-37.980000
221086835943064,ACC,4.960938,4.910657,10.278622
221086837942764,ACC,4.963332,4.814887,10.079897
221086839942564,ACC,4.953754,4.597008,9.627379
221086841942330,ACC,4.927418,4.343215,9.095850
221086843942063,ACC,4.857984,4.072661,8.561927
221086843342447,MAG,30.539999,-11.639999,-38.099998
221086845941796,ACC,4.783761,3.931399,8.308133
221086847941529,ACC,4.604190,3.653663,7.829278
221086849941262,ACC,4.357580,3.347196,7.379155
221086851940995,ACC,4.221107,3.181991,7.175642
221086853940795,ACC,3.900274,2.849187,6.833261
221086853341213,MAG,30.359999,-11.400000,-38.459999
221086855940528,ACC,3.495641,2.530748,6.545948
221086857940261,ACC,3.258608,2.370332,6.428628
221086859939994,ACC,2.739050,2.066259,6.261029
221086861939727,ACC,2.147665,1.781340,6.189200
221086863939460,ACC,1.465296,1.539519,6.213143
221086863339979,MAG,29.820000,-10.980000,-38.639999
221086865939193,ACC,1.108549,1.434171,6.258635
221086867938926,ACC,0.354353,1.242629,6.385531
221086869938726,ACC,-0.040703,1.166012,6.452570
221086871938459,ACC,-0.837996,1.067847,6.579467
221086873938192,ACC,-1.601770,1.003201,6.699181
221086873338679,MAG,30.539999,-10.740000,-38.279999
221086875937925,ACC,-1.980065,0.998413,6.742278
221086877937658,ACC,-2.679193,1.027144,6.792558
221086879937391,ACC,-3.253819,1.113338,6.850020
221086881937124,ACC,-3.507613,1.175589,6.869174
221086883337445,MAG,30.959999,-10.080000,-38.520000
221086883936857,ACC,-4.087027,1.431776,6.948185
221086885936657,ACC,-4.209135,1.539519,7.010437
221086887936390,ACC,-4.304906,1.647261,7.079871
221086889936123,ACC,-4.383917,1.879506,7.257047
221086891935856,ACC,-4.326455,2.135693,7.534783
221086893935589,ACC,-4.206741,2.375121,7.896318
221086893336211,MAG,31.139999,-9.840000,-38.279999
221086895935322,ACC,-4.115758,2.497229,8.104620
221086897935055,ACC,-3.893091,2.739050,8.521224
221086899934788,ACC,-3.639298,3.016786,8.935433
221086901934588,ACC,-3.512401,3.153260,9.119793
221086903934321,ACC,-3.244242,3.459727,9.445415
221086903334911,MAG,31.679998,-9.660000,-38.520000
221086905934054,ACC,-2.968901,3.780560,9.680053
221086907933787,ACC,-2.810879,3.933794,9.771035
221086909933520,ACC,-2.449343,4.242655,9.881172
221086911933253,ACC,-2.037528,4.532362,9.902720
221086913932986,ACC,-1.585010,4.800521,9.878778
221086913333677,MAG,31.679998,-9.780000,-38.939999
221086915932786,ACC,-1.336005,4.922629,9.857229
221086917932552,ACC,-0.852362,5.138114,9.866806
221086919932285,ACC,-0.624906,5.229096,9.873989
221086921932018,ACC,-0.155628,5.363175,9.897932
221086923931751,ACC,0.263370,5.439792,9.933846
221086923332443,MAG,31.619999,-9.900000,-38.879997
221086925931484,ACC,0.469278,5.444581,9.964972
221086927931217,ACC,0.835602,5.427821,9.984126
221086929930950,ACC,1.166012,5.339233,9.979338
221086931930750,ACC,1.316851,5.291348,9.981731
221086933930483,ACC,1.687964,5.111777,9.902720
221086933331143,MAG,31.980000,-9.540000,-38.879997
221086935930216,ACC,1.795706,5.039948,9.873989
221086937929949,ACC,1.886689,4.958543,9.842864
221086939929682,ACC,2.061471,4.776578,9.778218
221086941929415,ACC,2.195550,4.553911,9.713573
221086943929148,ACC,2.276955,4.290541,9.629773
221086943329909,MAG,31.559999,-9.780000,-38.579998
221086945928881,ACC,2.308081,4.149278,9.584282
221086947928681,ACC,2.339206,3.857177,9.450203
221086949928414,ACC,2.360755,3.699155,9.378374
221086951928147,ACC,2.358361,3.373533,9.227535
221086953927880,ACC,2.308081,3.067066,9.134158
221086953328675,MAG,31.500000,-8.880000,-38.520000
221086955927613,ACC,2.190762,2.774965,9.098245
221086957927346,ACC,2.109356,2.640885,9.110215
221086959927079,ACC,1.884294,2.411035,9.177256
221086961926812,ACC,1.561067,2.238647,9.287392
221086963926612,ACC,1.182772,2.114145,9.361614
221086963327441,MAG,31.379999,-8.880000,-38.700001
221086965926345,ACC,0.974470,2.073442,9.361614
221086967926078,ACC,0.502798,1.992037,9.287392
221086969925811,ACC,0.258582,1.953728,9.213169
221086971925544,ACC,-0.275342,1.843592,9.019233
221086973925277,ACC,-0.770957,1.759792,8.892337
221086973326207,MAG,31.139999,-8.760000,-38.639999
221086975925010,ACC,-1.000807,1.716695,8.858817
221086977924776,ACC,-1.431776,1.647261,8.844451
221086979924576,ACC,-1.836409,1.570644,8.901914
221086981924309,ACC,-2.020768,1.522759,8.964165
221086983924042,ACC,-2.547508,1.453325,9.256267
221086983324940,MAG,31.859999,-8.220000,-39.059998
221086985923775,ACC,-2.717502,1.419805,9.378374
221086987923508,ACC,-2.892284,1.400651,9.517242
221086989923241,ACC,-3.222694,1.376708,9.763853
221086991922974,ACC,-3.510007,1.383891,9.936240
221086993922774,ACC,-3.761406,1.410228,10.043983
221086993323673,MAG,31.740000,-8.340000,-38.820000
221086995922574,ACC,-3.866754,1.434171,10.070320
221086997922374,ACC,-4.034353,1.498816,10.096657
221086999922107,ACC,-4.103787,1.544307,10.101445
221087001921840,ACC,-4.185193,1.652050,10.146936
221087003921573,ACC,-4.204347,1.807678,10.182851
221087003322406,MAG,31.859999,-7.740000,-38.879997
221087005921306,ACC,-4.161250,1.891477,10.146936
221087007921039,ACC,-4.098999,2.063865,10.099051
221087009920839,ACC,-3.885908,2.281744,9.988914
221087011920639,ACC,-3.646481,2.516383,9.917087
221087013920372,ACC,-3.375927,2.736656,9.852441
221087013321072,MAG,32.099998,-7.560000,-39.119999
221087015920105,ACC,-3.232271,2.861158,9.852441
221087017919838,ACC,-2.954535,3.107769,9.890749
221087019919571,ACC,-2.650462,3.316071,9.988914
221087021919304,ACC,-2.511594,3.409447,10.048771
221087023919037,ACC,-2.260195,3.581835,10.225947
221087023319805,MAG,31.619999,-7.320000,-39.059998
221087025918837,ACC,-2.128510,3.663240,10.307353
221087027918570,ACC,-1.915420,3.770983,10.472558
221087029918303,ACC,-1.783735,3.854782,10.656918
221087031918036,ACC,-1.750215,3.902668,10.738322
221087033917769,ACC,-1.690358,4.005622,10.915499
221087033318538,MAG,31.500000,-7.140000,-39.299999
221087035917502,ACC,-1.673598,4.110970,11.097464
221087037917235,ACC,-1.666415,4.166038,11.171686
221087039916968,ACC,-1.671204,4.261809,11.265063
221087041916768,ACC,-1.711906,4.319272,11.303371
221087043916501,ACC,-1.738243,4.343215,11.348863
221087043317204,MAG,31.379999,-6.960000,-39.419998
221087045916234,ACC,-1.738243,4.338426,11.384777
221087047915967,ACC,-1.745426,4.288146,11.449422
221087049915700,ACC,-1.750215,4.254626,11.482942
221087051915433,ACC,-1.786129,4.122941,11.523644
221087053915166,ACC,-1.819649,3.933794,11.597867
221087053315937,MAG,31.080000,-6.480000,-39.719997
221087055914899,ACC,-1.857957,3.826051,11.640965
221087057914632,ACC,-1.879506,3.610566,11.798986
221087059914365,ACC,-1.984854,3.426207,11.985740
221087061914098,ACC,-2.092596,3.342408,12.050385
221087063913831,ACC,-2.236253,3.110163,11.913912
221087063314670,MAG,30.959999,-6.120000,-39.180000
221087065913564,ACC,-2.343995,3.035940,11.772649
221087067913297,ACC,-2.607365,2.913832,11.408719
221087069913030,ACC,-2.760599,2.870735,11.200418
221087071912763,ACC,-3.129317,2.813273,10.764660
221087073912563,ACC,-3.478881,2.786936,10.362421
221087073313403,MAG,31.019999,-5.940000,-39.779999
221087075912296,ACC,-3.670423,2.779753,10.161303
221087077912029,ACC,-3.988862,2.777359,9.773430
221087079911762,ACC,-4.257020,2.794119,9.433443
221087081911495,ACC,-4.379128,2.798907,9.301758
221087083911228,ACC,-4.606585,2.837216,9.143736
221087083312136,MAG,31.139999,-5.880000,-39.840000
221087085910961,ACC,-4.795732,2.901861,9.155706
221087087910761,ACC,-4.901081,2.932987,9.222747
221087089910561,ACC,-5.073468,2.997632,9.481328
221087091910327,ACC,-5.260222,3.059883,9.878778
221087093910093,ACC,-5.456553,3.148471,10.328901
221087093310902,MAG,31.199999,-5.820000,-39.360001
221087095909859,ACC,-5.521198,3.210722,10.537204
221087097909625,ACC,-5.595420,3.363956,10.858036
221087099909391,ACC,-5.595420,3.445361,10.958596
221087101909157,ACC,-5.516409,3.624932,11.037607
221087103908990,ACC,-5.310502,3.828445,10.989721
221087103309668,MAG,30.900000,-5.880000,-39.840000
221087105908756,ACC,-5.171634,3.943371,10.939442
221087107908522,ACC,-4.834041,4.173221,10.951413
221087109908288,ACC,-4.455745,4.410254,11.059155
221087111908054,ACC,-4.060690,4.539545,11.147743
221087113907820,ACC,-3.663240,4.920235,11.399142
221087113308434,MAG,30.480000,-5.880000,-39.599998
221087115907586,ACC,-3.476487,5.032766,11.478153
221087117907519,ACC,-3.105374,5.214731,11.597867
221087119907352,ACC,-2.751022,5.370358,11.719975
221087121907118,ACC,-2.581028,5.442187,11.787015
221087123906884,ACC,-2.279350,5.557112,11.942643
221087123307134,MAG,29.939999,-5.580000,-39.660000
221087125906650,ACC,-2.138088,5.614574,12.031231
221087127906416,ACC,-1.872323,5.724711,12.143762
221087129906182,ACC,-1.616135,5.825271,12.124608
221087131905948,ACC,-1.477268,5.868368,12.079117
221087133905714,ACC,-1.197137,5.935407,11.880392
221087133305900,MAG,29.820000,-5.520000,-40.200001
221087135905547,ACC,-0.897853,5.956956,11.624205
221087137905313,ACC,-0.725465,5.961744,11.468576
221087139905079,ACC,-0.375901,5.928225,11.150138
221087141904845,ACC,-0.059857,5.858790,10.867614
221087143904611,ACC,0.172388,5.731894,10.623397
221087143304666,MAG,29.939999,-5.160000,-40.259998
221087145904377,ACC,0.232245,5.655277,10.513261
221087147904143,ACC,0.222668,5.485283,10.345661
221087149903909,ACC,0.146051,5.391907,10.302565
221087151903709,ACC,-0.148445,5.219519,10.252285
221087153903442,ACC,-0.603357,5.059103,10.290593
221087153303366,MAG,29.939999,-4.620000,-40.200001
221087155903175,ACC,-0.864333,4.999246,10.343267
221087157902908,ACC,-1.453325,4.920235,10.451010
221087159902641,ACC,-2.004008,4.862772,10.544386
221087161902374,ACC,-2.250618,4.846012,10.575512
221087163902107,ACC,-2.892284,4.843618,10.637763
221087163302132,MAG,29.639999,-4.440000,-40.020000
221087165901907,ACC,-3.052700,4.848406,10.644946
221087167901707,ACC,-3.332830,4.857984,10.640158
221087169901440,ACC,-3.454939,4.877138,10.640158
221087171901173,ACC,-3.653663,4.881927,10.649734
221087173900906,ACC,-3.780560,4.865166,10.683254
221087173300898,MAG,29.459999,-4.320000,-40.020000
221087175900639,ACC,-3.833234,4.848406,10.714379
221087177900205,ACC,-3.897879,4.822070,10.807756
221087179899938,ACC,-3.905062,4.776578,10.968173
221087181899738,ACC,-3.900274,4.728693,11.051972
221087183899538,ACC,-3.847600,4.644893,11.200418
221087183299664,MAG,29.459999,-4.140000,-40.259998
221087185899271,ACC,-3.696760,4.582642,11.358439
221087187899004,ACC,-3.617749,4.556305,11.401537
221087189898737,ACC,-3.421419,4.506025,11.461393
221087191898470,ACC,-3.174809,4.482082,11.494913
221087193898203,ACC,-2.885101,4.489265,11.502096
221087193298430,MAG,29.160000,-4.380000,-40.320000
221087195897936,ACC,-2.743839,4.498842,11.504491
221087197897736,ACC,-2.497229,4.544333,11.485336
221087199897469,ACC,-2.308081,4.611373,11.480548
221087201897202,ACC,-2.248224,4.647287,11.487731
221087203896935,ACC,-2.202733,4.714327,11.569136
221087203297196,MAG,29.699999,-4.440000,-40.439999
221087205896668,ACC,-2.214704,4.743058,11.612233
221087207896401,ACC,-2.317658,4.802915,11.669696
221087209896134,ACC,-2.490046,4.874743,11.681666
221087211895867,ACC,-2.593000,4.898686,11.626598
221087213895667,ACC,-2.873130,4.989669,11.459000
221087213295962,MAG,29.580000,-4.680000,-40.200001
221087215895400,ACC,-2.978478,5.025583,11.384777
221087217895133,ACC,-3.083826,5.054314,11.324920
221087219894866,ACC,-3.294522,5.090228,11.274640
221087221894599,ACC,-3.498035,5.075862,11.209994
221087223894332,ACC,-3.723097,5.042343,11.133378
221087223294728,MAG,29.219999,-5.220000,-40.200001
221087225894065,ACC,-3.835628,4.989669,11.080704
221087227893798,ACC,-4.027170,4.838830,10.949018
221087229893598,ACC,-4.192375,4.606585,10.776631
221087231893331,ACC,-4.254626,4.462928,10.700014
221087233893064,ACC,-4.362369,4.166038,10.565935
221087233293494,MAG,29.279999,-5.400000,-40.500000
221087235892797,ACC,-4.482082,3.852388,10.453403
221087237892530,ACC,-4.534757,3.696760,10.422278
221087239892263,ACC,-4.635316,3.402265,10.345661
221087241891996,ACC,-4.702356,3.141289,10.269045
221087243891729,ACC,-4.711933,2.916227,10.170879
221087243292260,MAG,29.160000,-5.880000,-40.379997
221087245891529,ACC,-4.699962,2.810879,10.103840
221087247891262,ACC,-4.664047,2.640885,9.972155
221087249890995,ACC,-4.647287,2.552297,9.900327
221087251890728,ACC,-4.568276,2.389486,9.730332
221087253890461,ACC,-4.489265,2.255407,9.560339
221087253291026,MAG,29.039999,-6.180000,-40.680000
221087255890194,ACC,-4.441380,2.195550,9.471751
221087257889927,ACC,-4.331243,2.094990,9.287392
221087259889727,ACC,-4.213923,2.013585,9.141341
221087261889527,ACC,-4.156461,1.984854,9.091062
221087263889260,ACC,-4.003228,1.948940,8.973742
221087263289726,MAG,28.920000,-6.540000,-40.919998
221087265888993,ACC,-3.950553,1.948940,8.961771
221087267888726,ACC,-3.893091,1.958517,8.964165
221087269888459,ACC,-3.821263,2.011191,9.012051
221087271888192,ACC,-3.754223,2.109356,9.062330
221087273887925,ACC,-3.703943,2.233858,9.105427
221087273288492,MAG,28.799999,-7.440000,-40.619999
221087275887725,ACC,-3.677606,2.281744,9.115005
221087277887458,ACC,-3.634509,2.358361,9.059936
221087279887191,ACC,-3.598595,2.389486,9.004868
221087281886924,ACC,-3.581835,2.413429,8.978531
221087283886657,ACC,-3.541132,2.391881,8.921068
221087283287258,MAG,28.740000,-8.160000,-41.219997
221087285886390,ACC,-3.502824,2.324841,8.885154
221087287886123,ACC,-3.478881,2.267378,8.865999
221087289885856,ACC,-3.457333,2.114145,8.865999
221087291885656,ACC,-3.464516,1.948940,8.885154
221087293885389,ACC,-3.486064,1.776552,8.930645
221087293285958,MAG,28.500000,-9.000000,-41.219997
221087295885122,ACC,-3.502824,1.699935,8.952193
221087297884855,ACC,-3.562681,1.556279,8.985713
221087299884588,ACC,-3.636904,1.441353,8.964165
221087301884321,ACC,-3.663240,1.386285,8.949800
221087303884054,ACC,-3.727886,1.264177,8.889942
221087303284724,MAG,28.799999,-9.900000,-41.040001
221087305883787,ACC,-3.766194,1.230657,8.846846
221087307883620,ACC,-3.811686,1.177983,8.767835
221087309883386,ACC,-3.849994,1.122915,8.686429
221087311883152,ACC,-3.861965,1.094184,8.660092
221087313882918,ACC,-3.893091,0.988836,8.600235
221087313283524,MAG,28.799999,-10.559999,-40.980000
221087315882684,ACC,-3.893091,0.952921,8.581081
221087317882450,ACC,-3.890697,0.912219,8.566715
221087319882216,ACC,-3.881119,0.826025,8.523619
221087321881982,ACC,-3.881119,0.723071,8.509253
221087323881815,ACC,-3.895485,0.634483,8.499676
221087323282324,MAG,28.740000,-11.040000,-40.379997
221087325881681,ACC,-3.893091,0.593780,8.506859
221087327881547,ACC,-3.909851,0.509981,8.492493
221087329881413,ACC,-3.919428,0.471672,8.516436
221087331881279,ACC,-3.917034,0.385478,8.564321
221087333881145,ACC,-3.885908,0.280130,8.593052
221087333281224,MAG,28.859999,-11.580000,-40.139999
221087335881011,ACC,-3.811686,0.181965,8.626573
221087337880944,ACC,-3.761406,0.146051,8.657698
221087339880877,ACC,-3.639298,0.047885,8.727132
221087341880810,ACC,-3.478881,-0.028731,8.808537
221087343880743,ACC,-3.287339,-0.095771,8.875577
221087343280190,MAG,28.559999,-12.179999,-39.599998
221087345880676,ACC,-3.191568,-0.119714,8.909097
221087347880609,ACC,-3.002421,-0.191542,8.933040
221087349880542,ACC,-2.906650,-0.222668,8.935433
221087351880475,ACC,-2.693559,-0.265765,8.966559
221087353880475,ACC,-2.478074,-0.313650,9.055147
221087353279156,MAG,28.680000,-12.360000,-39.599998
221087355880441,ACC,-2.360755,-0.332804,9.122187
221087357880507,ACC,-2.123722,-0.366324,9.239507
221087359880473,ACC,-1.872323,-0.402238,9.347249
221087361880439,ACC,-1.752609,-0.404632,9.385557
221087363880405,ACC,-1.379102,-0.407027,9.486116
221087363278156,MAG,28.439999,-12.719999,-39.779999
221087365880371,ACC,-1.276148,-0.383084,9.500483
221087367880304,ACC,-1.182772,-0.363930,9.519637
221087369880304,ACC,-1.041510,-0.287313,9.550762
221087371880270,ACC,-0.996018,-0.181965,9.601042
221087373880236,ACC,-1.015172,-0.083800,9.684841
221087373277122,MAG,28.260000,-12.900000,-39.660000
221087375880202,ACC,-1.043904,-0.009577,9.754275
221087377880168,ACC,-1.166012,0.155628,9.897932
221087379880134,ACC,-1.321640,0.304073,10.046377
221087381880100,ACC,-1.410228,0.368718,10.106234
221087383880066,ACC,-1.625713,0.466884,10.142148
221087383276155,MAG,28.080000,-13.139999,-40.200001
221087385879999,ACC,-1.857957,0.502798,10.099051
221087387879899,ACC,-1.963305,0.557866,10.053560
221087389879799,ACC,-2.154847,0.560260,9.979338
221087391879699,ACC,-2.315264,0.531529,9.938635
221087393879599,ACC,-2.475680,0.462095,9.938635
221087393275188,MAG,27.420000,-13.679999,-39.840000
221087395879499,ACC,-2.547508,0.411815,9.936240
221087397879399,ACC,-2.664828,0.287313,9.945818
221087399879432,ACC,-2.727079,0.222668,9.938635
221087401879332,ACC,-2.846793,0.079011,9.897932
221087403879232,ACC,-2.935381,-0.071828,9.804555
221087403274221,MAG,27.119999,-13.980000,-39.480000
221087405879132,ACC,-2.988055,-0.143656,9.771035
221087407879032,ACC,-3.100586,-0.284919,9.670476
221087409878932,ACC,-3.234665,-0.407027,9.584282
221087411878832,ACC,-3.311282,-0.450124,9.543579
221087413878732,ACC,-3.555498,-0.536318,9.471751
221087413273321,MAG,26.820000,-14.520000,-39.299999
221087415878665,ACC,-3.617749,-0.605752,9.373586
221087417878498,ACC,-3.665635,-0.627300,9.328094
221087419878364,ACC,-3.751829,-0.653637,9.251478
221087421878230,ACC,-3.785348,-0.641666,9.208381
221087423878096,ACC,-3.773377,-0.586597,9.167678
221087423272421,MAG,27.119999,-14.340000,-38.879997
221087425877962,ACC,-3.763800,-0.529135,9.162889
221087427877828,ACC,-3.701549,-0.383084,9.124581
221087429877694,ACC,-3.658452,-0.323227,9.083879
221087431877594,ACC,-3.550709,-0.193936,8.945011
221087433877494,ACC,-3.399870,-0.071828,8.818114
221087433271521,MAG,27.480000,-14.280000,-39.119999
221087435877327,ACC,-3.316071,-0.011971,8.810931
221087437877160,ACC,-3.134106,0.122108,8.880365
221087439876993,ACC,-2.961718,0.189148,9.019233
221087441876826,ACC,-2.813273,0.203513,9.177256
221087443876659,ACC,-2.683982,0.203513,9.318518
221087443270621,MAG,27.539999,-14.400000,-39.239998
221087445876492,ACC,-2.648068,0.189148,9.392740
221087447876358,ACC,-2.583422,0.141262,9.469357
221087449876158,ACC,-2.535537,0.107742,9.486116
221087451875958,ACC,-2.451737,0.014366,9.524426
221087453875758,ACC,-2.346389,-0.105348,9.505271
221087453269721,MAG,27.420000,-14.580000,-39.000000
221087455875558,ACC,-2.286532,-0.169994,9.498088
221087457875358,ACC,-2.145270,-0.287313,9.498088
221087459875024,ACC,-2.011191,-0.402238,9.498088
221087461874824,ACC,-1.948940,-0.450124,9.493299
221087463874624,ACC,-1.853169,-0.536318,9.464568
221087463268821,MAG,27.000000,-15.240000,-39.119999
221087465874357,ACC,-1.788523,-0.636877,9.416683
221087467874090,ACC,-1.764580,-0.694340,9.399923
221087469873823,ACC,-1.714301,-0.785322,9.395134
221087471873556,ACC,-1.702329,-0.849968,9.419077
221087473873289,ACC,-1.721484,-0.945739,9.431048
221087473267921,MAG,27.059999,-15.540000,-38.820000
221087475873022,ACC,-1.755003,-0.998413,9.421472
221087477872755,ACC,-1.834015,-1.082212,9.371192
221087479872555,ACC,-1.956123,-1.163618,9.347249
221087481872288,ACC,-2.027951,-1.201926,9.359221
221087483872021,ACC,-2.176396,-1.264177,9.423865
221087483266954,MAG,27.240000,-15.900000,-39.180000
221087485871754,ACC,-2.243435,-1.292908,9.481328
221087487871487,ACC,-2.372726,-1.343188,9.608225
221087489871220,ACC,-2.458920,-1.347977,9.790190
221087491870953,ACC,-2.475680,-1.336005,9.888355
221087493870686,ACC,-2.454132,-1.273754,10.180456
221087493266054,MAG,27.660000,-16.080000,-39.299999
221087495870486,ACC,-2.442160,-1.252206,10.278622
221087497870219,ACC,-2.375121,-1.228263,10.465375
221087499869952,ACC,-2.334418,-1.139675,10.522838
221087501869685,ACC,-2.255407,-1.048692,10.594666
221087503869418,ACC,-2.174001,-0.938556,10.580300
221087503265154,MAG,27.900000,-15.900000,-38.939999
221087505869151,ACC,-2.135693,-0.871516,10.556357
221087507868884,ACC,-2.056682,-0.730254,10.462981
221087509868684,ACC,-2.011191,-0.593780,10.345661
221087511868484,ACC,-1.992037,-0.521952,10.288198
221087513868217,ACC,-1.970488,-0.392661,10.192428
221087513264187,MAG,27.539999,-16.199999,-38.879997
221087515867950,ACC,-1.965700,-0.268159,10.113417
221087517867650,ACC,-1.977671,-0.196331,10.094262
221087519867383,ACC,-2.039922,-0.119714,10.072714
221087521867116,ACC,-2.157242,-0.079011,10.108628
221087523866849,ACC,-2.281744,-0.067040,10.156514
221087523263287,MAG,26.760000,-16.379999,-38.820000
221087525866649,ACC,-2.353572,-0.057463,10.175668
221087527866382,ACC,-2.494834,-0.050280,10.247497
221087529866115,ACC,-2.557086,-0.043097,10.264256
221087531865848,ACC,-2.693559,-0.031126,10.288198
221087533865581,ACC,-2.842004,0.007183,10.288198
221087533262387,MAG,26.279999,-16.980000,-38.639999
221087535865314,ACC,-2.911438,0.043097,10.281016
221087537865047,ACC,-3.088614,0.126897,10.295382
221087539864780,ACC,-3.280156,0.253793,10.362421
221087541864580,ACC,-3.380716,0.337593,10.407912
221087543864313,ACC,-3.682395,0.577020,10.599455
221087543261420,MAG,25.980000,-17.400000,-38.579998
221087545864046,ACC,-3.768589,0.651243,10.666494
221087547863779,ACC,-3.938582,0.720677,10.709591
221087549863512,ACC,-4.015199,0.811659,10.764660
221087551863245,ACC,-4.144490,0.864333,10.764660
221087553862978,ACC,-4.278569,0.866727,10.788602
221087553260520,MAG,25.859999,-17.760000,-38.459999
221087555862711,ACC,-4.343215,0.866727,10.807756
221087557862511,ACC,-4.477294,0.866727,10.874796
221087559862244,ACC,-4.635316,0.888276,10.975356
221087561861977,ACC,-4.711933,0.917007,11.042396
221087563861710,ACC,-4.836435,0.974470,11.205206
221087563259620,MAG,25.920000,-17.940001,-37.860001
221087565861443,ACC,-4.968120,1.055875,11.360834
221087567861176,ACC,-5.020794,1.101366,11.451817
221087569860909,ACC,-5.047131,1.201926,11.588290
221087571860642,ACC,-4.996851,1.300091,11.681666
221087573860442,ACC,-4.889109,1.347977,11.736735
221087573258720,MAG,25.740000,-17.879999,-38.099998
221087575860175,ACC,-4.831646,1.369525,11.775043
221087577859941,ACC,-4.673625,1.398257,11.863631
221087579859707,ACC,-4.573065,1.419805,11.909122
221087581859440,ACC,-4.357580,1.434171,11.983345
221087583859173,ACC,-4.101393,1.393468,12.036019
221087583257820,MAG,25.500000,-18.059999,-37.860001
221087585858906,ACC,-3.960130,1.362342,12.040808
221087587858706,ACC,-3.636904,1.266571,12.028836
221087589858506,ACC,-3.268185,1.110944,12.026443
221087591858239,ACC,-3.074249,1.039115,12.031231
221087593857972,ACC,-2.420612,0.708705,12.083905
221087593256920,MAG,25.500000,-17.760000,-37.919998
221087595857705,ACC,-2.193156,0.591386,12.129396
221087597857438,ACC,-1.963305,0.454912,12.182070
221087599857171,ACC,-1.546702,0.177176,12.332910
221087601856904,ACC,-1.149252,-0.124502,12.514874
221087603856704,ACC,-0.823631,-0.411815,12.656137
221087603256020,MAG,25.559999,-18.240000,-37.980000
221087605856437,ACC,-0.696734,-0.565049,12.672896
221087607856170,ACC,-0.517163,-0.852362,12.603462
221087609855903,ACC,-0.438152,-1.120521,12.361641
221087611855636,ACC,-0.423787,-1.225869,12.165310
221087613855369,ACC,-0.471672,-1.415016,11.705609
221087613255086,MAG,25.680000,-18.240000,-37.860001
221087615855102,ACC,-0.598569,-1.558673,11.164503
221087617854835,ACC,-0.675186,-1.620924,10.901134
221087619854635,ACC,-0.835602,-1.721484,10.419884
221087621854368,ACC,-1.007990,-1.802889,9.902720
221087623854101,ACC,-1.182772,-1.898660,9.337671
221087623254086,MAG,25.680000,-19.020000,-38.040001
221087625853834,ACC,-1.276148,-1.951334,9.059936
221087627853567,ACC,-1.474873,-2.068653,8.583475
221087629853300,ACC,-1.556279,-2.135693,8.379962
221087631853033,ACC,-1.747821,-2.296109,8.056735
221087633852766,ACC,-1.975277,-2.468497,7.826884
221087633253052,MAG,25.920000,-19.680000,-37.559998
221087635852566,ACC,-2.094990,-2.561874,7.721536
221087637852299,ACC,-2.346389,-2.789330,7.553937
221087639851999,ACC,-2.631308,-3.035940,7.465349
221087641851732,ACC,-2.791724,-3.158048,7.448589
221087643851465,ACC,-3.294522,-3.526767,7.422252
221087643251952,MAG,26.099998,-19.740000,-37.380001
221087645851198,ACC,-3.466910,-3.620143,7.415069
221087647850931,ACC,-3.634509,-3.701549,7.427041
221087649850664,ACC,-3.960130,-3.835628,7.506052
221087651850464,ACC,-4.257020,-3.926611,7.656891
221087653850197,ACC,-4.482082,-3.940976,7.853221
221087653250785,MAG,26.099998,-20.520000,-37.020000
221087655849930,ACC,-4.585036,-3.921822,7.965752
221087657849663,ACC,-4.719116,-3.842811,8.195602
221087659849396,ACC,-4.793338,-3.703943,8.403905
221087661849296,ACC,-4.800521,-3.620143,8.499676
221087663849029,ACC,-4.786155,-3.395082,8.707977
221087663249651,MAG,26.519999,-20.760000,-36.959999
221087665848829,ACC,-4.719116,-3.150866,8.846846
221087667848629,ACC,-4.659259,-3.009604,8.928250
221087669848362,ACC,-4.517997,-2.722291,9.093455
221087671848095,ACC,-4.336032,-2.434978,9.234718
221087673847828,ACC,-4.106181,-2.099779,9.385557
221087673248484,MAG,26.099998,-20.939999,-36.840000
221087675847561,ACC,-3.967313,-1.951334,9.490906
221087677847294,ACC,-3.641692,-1.656838,9.742304
221087679847027,ACC,-3.272974,-1.412622,9.967366
221087681846827,ACC,-3.055095,-1.314457,10.063137
221087683846627,ACC,-2.588211,-1.130098,10.211582
221087683247317,MAG,25.799999,-21.900000,-37.079998
221087685846360,ACC,-2.346389,-1.039115,10.269045
221087687846093,ACC,-1.843592,-0.890670,10.395941
221087689845826,ACC,-1.338400,-0.754197,10.589877
221087691845559,ACC,-1.087001,-0.689551,10.714379
221087693845292,ACC,-0.325621,-0.543500,11.075915
221087693246117,MAG,25.500000,-21.840000,-37.139999
221087695845025,ACC,-0.088588,-0.507586,11.205206
221087697844825,ACC,0.158022,-0.469278,11.339286
221087699844558,ACC,0.656031,-0.418998,11.559559
221087701844291,ACC,1.084607,-0.399844,11.700821
221087703844024,ACC,1.441353,-0.390267,11.753495
221087703244850,MAG,25.019999,-21.420000,-36.899998
221087705843757,ACC,1.596981,-0.390267,11.736735
221087707843490,ACC,1.810072,-0.407027,11.631387
221087709843223,ACC,1.865140,-0.418998,11.542799
221087711842956,ACC,1.898660,-0.442941,11.360834
221087713842756,ACC,1.834015,-0.514769,11.119012
221087713243583,MAG,24.299999,-21.959999,-37.380001
221087715842489,ACC,1.755003,-0.545895,10.870008
221087717842222,ACC,1.680781,-0.658426,10.762265
221087719841955,ACC,1.482056,-0.811659,10.594666
221087721841521,ACC,1.235446,-1.041510,10.530021
221087723841254,ACC,0.950527,-1.288120,10.534809
221087723242316,MAG,24.059999,-21.539999,-36.959999
221087725840987,ACC,0.790111,-1.424594,10.546781
221087727840720,ACC,0.418998,-1.745426,10.551569
221087729840520,ACC,0.246610,-1.913026,10.532414
221087731840253,ACC,-0.093377,-2.248224,10.534809
221087733839986,ACC,-0.452518,-2.612154,10.546781
221087733240982,MAG,23.519999,-21.660000,-37.200001
221087735839719,ACC,-0.627300,-2.782147,10.577906
221087737839452,ACC,-0.955316,-3.122134,10.510866
221087739839185,ACC,-1.233052,-3.430996,10.266650
221087741838918,ACC,-1.367131,-3.574652,10.118205
221087743838651,ACC,-1.692752,-3.835628,9.629773
221087743239715,MAG,22.619999,-21.779999,-37.200001
221087745838451,ACC,-1.778946,-4.041536,9.450203
221087747838217,ACC,-1.850774,-4.130124,9.280210
221087749837983,ACC,-1.934574,-4.285752,9.024022
221087751837749,ACC,-1.948940,-4.429409,8.856422
221087753837515,ACC,-1.843592,-4.580248,8.715160
221087753238481,MAG,22.619999,-21.840000,-36.840000
221087755837281,ACC,-1.755003,-4.668836,8.655303
221087757837047,ACC,-1.525153,-4.874743,8.585870
221087759836880,ACC,-1.388679,-4.975303,8.559532
221087761836713,ACC,-1.106155,-5.214731,8.518829
221087763836479,ACC,-0.842785,-5.435004,8.430242
221087763237181,MAG,22.439999,-22.020000,-37.139999
221087765836245,ACC,-0.600963,-5.547535,8.372779
221087767836011,ACC,-0.493221,-5.751048,8.241094
221087769835777,ACC,-0.258582,-5.916253,8.123775
221087771835543,ACC,0.002394,-6.000052,7.992089
221087773835309,ACC,0.263370,-6.026390,7.898713
221087773235947,MAG,22.559999,-22.080000,-36.840000
221087775835142,ACC,0.423787,-6.021601,7.855616
221087777834908,ACC,0.747014,-5.976110,7.838856
221087779834674,ACC,0.919402,-5.921041,7.877164
221087781834440,ACC,1.331217,-5.751048,8.068707
221087783834206,ACC,1.774158,-5.528380,8.420665
221087783234713,MAG,22.680000,-22.320000,-36.899998
221087785833972,ACC,2.008796,-5.379935,8.636149
221087787833738,ACC,2.521171,-5.054314,9.076695
221087789833504,ACC,3.026363,-4.673625,9.548368
221087791833337,ACC,3.270579,-4.450957,9.751882
221087793833103,ACC,3.701549,-3.988862,10.067925
221087793233413,MAG,22.559999,-21.779999,-37.739998
221087795832869,ACC,4.063084,-3.498035,10.295382
221087797832635,ACC,4.192375,-3.246637,10.374393
221087799832401,ACC,4.369552,-2.724685,10.527626
221087801832167,ACC,4.403071,-2.217098,10.666494
221087803831933,ACC,4.362369,-1.740638,10.800573
221087803232179,MAG,22.320000,-21.299999,-37.439999
221087805831699,ACC,4.307301,-1.532336,10.867614
221087807831499,ACC,4.194769,-1.170800,11.018453
221087809831232,ACC,4.127730,-1.029538,11.119012
221087811830965,ACC,3.952948,-0.818842,11.353651
221087813830698,ACC,3.744646,-0.703917,11.614627
221087813230945,MAG,21.719999,-20.639999,-37.860001
221087815830431,ACC,3.632115,-0.684763,11.743917
221087817830164,ACC,3.383110,-0.706311,11.928277
221087819829897,ACC,3.086220,-0.830813,12.105453
221087821829630,ACC,2.717502,-0.928979,12.206013
221087823829430,ACC,2.322447,-1.285726,12.483748
221087823229711,MAG,21.600000,-19.559999,-38.399998
221087825829163,ACC,2.109356,-1.438959,12.569942
221087827828896,ACC,1.637684,-1.771763,12.706416
221087829828629,ACC,1.398257,-1.946545,12.727965
221087831828362,ACC,0.940950,-2.322447,12.732754
221087833828095,ACC,0.471672,-2.739050,12.663320
221087833228477,MAG,21.299999,-18.719999,-38.459999
221087835827828,ACC,0.253793,-2.949747,12.608252
221087837827628,ACC,-0.134079,-3.392687,12.457412
221087839827428,ACC,-0.459701,-3.840417,12.270658
221087841827161,ACC,-0.591386,-4.065479,12.153339
221087843826894,ACC,-0.816448,-4.467717,11.906729
221087843227243,MAG,21.000000,-18.180000,-38.820000
221087845826627,ACC,-0.933767,-4.867561,11.645753
221087847826360,ACC,-0.955316,-5.049526,11.540404
221087849826093,ACC,-0.945739,-5.418244,11.329708
221087851825826,ACC,-0.876305,-5.779779,11.157321
221087853825626,ACC,-0.742225,-6.112584,10.989721
221087853226009,MAG,20.939999,-17.760000,-38.820000
221087855825359,ACC,-0.648848,-6.261029,10.891556
221087857825092,ACC,-0.445335,-6.498062,10.666494
221087859824825,ACC,-0.198725,-6.656084,10.446221
221087861824558,ACC,-0.074223,-6.708758,10.331296
221087863824291,ACC,0.179571,-6.730307,10.087080
221087863224775,MAG,20.820000,-18.119999,-38.879997
221087865824024,ACC,0.316044,-6.713547,9.981731
221087867823757,ACC,0.584203,-6.598621,9.794978
221087869823557,ACC,0.842785,-6.395108,9.636956
221087871823290,ACC,0.972076,-6.270606,9.586677
221087873823023,ACC,1.336005,-5.839636,9.505271
221087873223475,MAG,20.939999,-18.240000,-38.820000
221087875822756,ACC,1.450930,-5.693585,9.474146
221087877822489,ACC,1.656838,-5.523592,9.445415
221087879822222,ACC,1.755003,-5.185999,9.431048
221087881821955,ACC,1.941757,-4.850801,9.423865
221087883821688,ACC,2.092596,-4.513208,9.505271
221087883222241,MAG,21.480000,-18.359999,-39.000000
221087885821488,ACC,2.171607,-4.343215,9.598648
221087887821221,ACC,2.310475,-3.998439,9.814133
221087889820954,ACC,2.391881,-3.656058,10.091868
221087891820687,ACC,2.427795,-3.490853,10.235525
221087893820420,ACC,2.461314,-3.201145,10.530021
221087893221007,MAG,21.719999,-18.119999,-39.119999
221087895820153,ACC,2.470892,-2.937775,10.860431
221087897819886,ACC,2.468497,-2.842004,11.030424
221087899819619,ACC,2.425400,-2.681588,11.346468
221087901819419,ACC,2.334418,-2.590605,11.681666
221087903819152,ACC,2.221887,-2.528354,11.964191
221087903219707,MAG,21.779999,-17.760000,-39.059998
221087905818885,ACC,2.152453,-2.504411,12.083905
221087907818618,ACC,2.001614,-2.463709,12.323333
221087909818351,ACC,1.920208,-2.461314,12.438257
221087911818084,ACC,1.766975,-2.456526,12.639377
221087913817817,ACC,1.618530,-2.466103,12.797399
221087913218473,MAG,22.139999,-17.520000,-39.000000
221087915817617,ACC,1.551490,-2.470892,12.862044
221087917817417,ACC,1.422199,-2.461314,12.972181
221087919817150,ACC,1.278543,-2.480469,13.020066
221087921816883,ACC,1.209109,-2.475680,13.020066
221087923816616,ACC,1.000807,-2.418218,12.854861
221087923217239,MAG,21.959999,-17.219999,-38.700001
221087925816316,ACC,0.907430,-2.399063,12.744725
221087927816049,ACC,0.797293,-2.396669,12.620222
221087929815782,ACC,0.557866,-2.379909,12.328121
221087931815648,ACC,0.268159,-2.379909,11.988134
221087933815448,ACC,-0.019154,-2.415823,11.631387
221087933216005,MAG,22.080000,-17.639999,-38.639999
221087935815181,ACC,-0.172388,-2.454132,11.461393
221087937814914,ACC,-0.483644,-2.533143,11.145350
221087939814647,ACC,-0.732648,-2.655251,10.829305
221087941814380,ACC,-0.835602,-2.715108,10.685649
221087943814113,ACC,-1.043904,-2.849187,10.328901
221087943214771,MAG,22.619999,-17.520000,-38.399998
221087945813846,ACC,-1.256994,-3.014392,9.890749
221087947813646,ACC,-1.371920,-3.102980,9.699207
221087949813379,ACC,-1.611347,-3.237060,9.347249
221087951813112,ACC,-1.857957,-3.330436,9.026416
221087953812845,ACC,-2.118933,-3.404659,8.779806
221087953213537,MAG,22.680000,-17.580000,-38.040001
221087955812578,ACC,-2.245830,-3.435784,8.679246
221087957812311,ACC,-2.502017,-3.483670,8.547561
221087959812044,ACC,-2.616942,-3.495641,8.492493
221087961811777,ACC,-2.789330,-3.536344,8.389539
221087963811577,ACC,-2.846793,-3.593807,8.274613
221087963212303,MAG,22.920000,-18.240000,-37.799999
221087965811310,ACC,-2.825244,-3.627326,8.224334
221087967811043,ACC,-2.715108,-3.708732,8.138140
221087969810776,ACC,-2.475680,-3.797320,8.078283
221087971810509,ACC,-2.320052,-3.840417,8.085466
221087973810242,ACC,-1.745426,-3.921822,8.159689
221087973211069,MAG,23.039999,-18.420000,-37.500000
221087975809942,ACC,-1.522759,-3.919428,8.195602
221087977809675,ACC,-1.288120,-3.905062,8.229122
221087979809475,ACC,-0.833208,-3.840417,8.336864
221087981809208,ACC,-0.421392,-3.706337,8.415876
221087983808941,ACC,-0.069434,-3.524373,8.480521
221087983209769,MAG,23.580000,-18.959999,-37.439999
221087985808707,ACC,0.064645,-3.416630,8.518829
221087987808440,ACC,0.275342,-3.196357,8.614601
221087989808173,ACC,0.390267,-3.083826,8.748680
221087991807839,ACC,0.414210,-2.837216,8.825297
221087993807572,ACC,0.452518,-2.607365,8.978531
221087993208535,MAG,23.699999,-19.500000,-37.500000
221087995807372,ACC,0.450124,-2.387092,9.117398
221087997807105,ACC,0.452518,-2.279350,9.198804
221087999806838,ACC,0.466884,-2.094990,9.387952
221088001806571,ACC,0.481249,-1.936968,9.545974
221088003806304,ACC,0.495615,-1.814860,9.725544
221088003207301,MAG,24.180000,-19.500000,-37.500000
221088005806037,ACC,0.502798,-1.769369,9.799767
221088007805770,ACC,0.541106,-1.704724,9.943423
221088009805570,ACC,0.553077,-1.678387,10.024829
221088011805370,ACC,0.565049,-1.616135,10.151725
221088013805103,ACC,0.603357,-1.553884,10.266650
221088013206001,MAG,24.600000,-19.619999,-37.439999
221088015804836,ACC,0.624906,-1.529942,10.290593
221088017804569,ACC,0.639271,-1.470085,10.316930
221088019804302,ACC,0.624906,-1.424594,10.309748
221088021804035,ACC,0.610540,-1.410228,10.297776
221088023803768,ACC,0.565049,-1.352765,10.185245
221088023204767,MAG,24.359999,-19.859999,-37.439999
221088025803568,ACC,0.541106,-1.331217,10.151725
221088027803301,ACC,0.505192,-1.304880,10.122993
221088029803034,ACC,0.407027,-1.264177,10.072714
221088031802767,ACC,0.308861,-1.240234,10.010463
221088033802500,ACC,0.227456,-1.216292,9.991309
221088033203533,MAG,24.959999,-19.680000,-37.200001
221088035783199,ACC,0.193936,-1.213897,10.020041
221088037782932,ACC,0.134079,-1.189955,10.163696
221088039782665,ACC,0.100560,-1.221080,10.355239
221088041782465,ACC,0.071828,-1.242629,10.451010
221088043782198,ACC,-0.011971,-1.290514,10.659311
221088043181199,MAG,25.199999,-20.219999,-37.020000
221088045781931,ACC,-0.105348,-1.343188,10.826911
221088047781664,ACC,-0.136474,-1.379102,10.901134
221088049781397,ACC,-0.186753,-1.438959,11.047184
221088051781130,ACC,-0.181965,-1.532336,11.152532
221088053780863,ACC,-0.098165,-1.640078,11.126195
221088053179932,MAG,25.559999,-20.760000,-37.139999
221088055780596,ACC,-0.026337,-1.692752,11.073521
221088057780396,ACC,0.184359,-1.800495,10.884374
221088059780129,ACC,0.320833,-1.845986,10.755082
221088061779862,ACC,0.677580,-1.903448,10.472558
221088063779595,ACC,1.077424,-1.927391,10.206794
221088063178665,MAG,25.619999,-20.760000,-36.779999
221088065779328,ACC,1.280937,-1.922603,10.072714
221088067779061,ACC,1.680781,-1.893871,9.818921
221088069778794,ACC,2.063865,-1.867534,9.572310
221088071778527,ACC,2.250618,-1.834015,9.447808
221088073778327,ACC,2.719896,-1.769369,8.971348
221088073177398,MAG,25.619999,-21.059999,-36.180000
221088075778060,ACC,2.856370,-1.687964,8.815720
221088077777793,ACC,2.971295,-1.654444,8.655303
221088079777526,ACC,3.143683,-1.575433,8.370385
221088081777259,ACC,3.201145,-1.517970,8.188420
221088083776992,ACC,3.179597,-1.467690,8.039975
221088083176131,MAG,25.559999,-21.180000,-36.000000
221088085776725,ACC,3.131711,-1.453325,7.968146
221088087776525,ACC,2.904255,-1.446142,7.862799
221088089776325,ACC,2.760599,-1.450930,7.810124
221088091776058,ACC,2.425400,-1.479662,7.716748
221088093775791,ACC,2.030345,-1.534730,7.697594
221088093174864,MAG,25.740000,-21.420000,-35.219997
221088095775524,ACC,1.596981,-1.546702,7.778999
221088097775257,ACC,1.391074,-1.573039,7.822096
221088099774990,ACC,0.967287,-1.580221,7.898713
221088101774723,ACC,0.593780,-1.596981,8.028004
221088103774523,ACC,0.260976,-1.596981,8.195602
221088103173597,MAG,25.980000,-22.080000,-35.099998
221088105774256,ACC,0.136474,-1.596981,8.296163
221088107773989,ACC,-0.071828,-1.575433,8.504464
221088109773722,ACC,-0.138868,-1.565856,8.612206
221088111773455,ACC,-0.215485,-1.525153,8.813326
221088113773188,ACC,-0.220273,-1.494027,8.988108
221088113172330,MAG,25.980000,-22.619999,-35.279999
221088115772921,ACC,-0.210696,-1.494027,9.064724
221088117772654,ACC,-0.146051,-1.484450,9.208381
221088119772454,ACC,-0.083800,-1.484450,9.347249
221088121772187,ACC,-0.050280,-1.486845,9.414289
221088123771920,ACC,0.021548,-1.489239,9.589070
221088123170996,MAG,26.099998,-22.379999,-35.099998
221088125771653,ACC,0.028731,-1.486845,9.754275
221088127771386,ACC,0.033520,-1.489239,9.840469
221088129771119,ACC,0.055068,-1.467690,10.029617
221088131770852,ACC,0.083800,-1.424594,10.199611
221088133770585,ACC,0.146051,-1.381497,10.350450
221088133169729,MAG,26.340000,-21.959999,-35.399998
221088135770385,ACC,0.186753,-1.357554,10.405519
221088137770118,ACC,0.344776,-1.273754,10.486923
221088139769851,ACC,0.421392,-1.235446,10.510866
221088141769584,ACC,0.610540,-1.151646,10.534809
221088143769317,ACC,0.866727,-1.055875,10.580300
221088143168462,MAG,26.459999,-21.779999,-35.219997
221088145769050,ACC,1.010384,-0.996018,10.597060
221088147768783,ACC,1.326428,-0.873910,10.623397
221088149768516,ACC,1.697541,-0.768562,10.683254
221088151768316,ACC,2.030345,-0.713494,10.745505
221088153768082,ACC,2.375121,-0.567443,10.779025
221088153167162,MAG,26.699999,-21.539999,-35.279999
221088155767848,ACC,2.516383,-0.526740,10.774237
221088157767614,ACC,2.789330,-0.469278,10.707197
221088159767380,ACC,2.971295,-0.442941,10.671283
221088161767146,ACC,3.028758,-0.380690,10.606637
221088163165928,MAG,26.939999,-21.299999,-35.279999
221088163766912,ACC,3.110163,-0.299284,10.549175
221088165766745,ACC,3.131711,-0.258582,10.513261
221088167766578,ACC,3.167626,-0.203513,10.451010
221088169766344,ACC,3.153260,-0.162811,10.367210
221088171766110,ACC,3.134106,-0.143656,10.314536
221088173765876,ACC,3.071855,-0.117319,10.180456
221088173164694,MAG,26.400000,-21.539999,-35.219997
221088175765642,ACC,3.016786,-0.102954,10.075109
221088177765408,ACC,2.980872,-0.112531,10.012857
221088179765174,ACC,2.865947,-0.153234,9.917087
221088181765007,ACC,2.719896,-0.222668,9.802161
221088183764840,ACC,2.554691,-0.299284,9.725544
221088183163460,MAG,26.340000,-21.359999,-35.579998
221088185764606,ACC,2.470892,-0.335198,9.703996
221088187764372,ACC,2.284138,-0.397450,9.701602
221088189764138,ACC,2.178790,-0.430969,9.706390
221088191763904,ACC,1.989642,-0.462095,9.708784
221088193763670,ACC,1.810072,-0.466884,9.708784
221088193162226,MAG,26.039999,-21.480000,-35.040001
221088195763436,ACC,1.728666,-0.474066,9.720756
221088197763269,ACC,1.541913,-0.478855,9.735122
221088199763035,ACC,1.367131,-0.450124,9.720756
221088201762801,ACC,1.268966,-0.416604,9.703996
221088203762567,ACC,1.034327,-0.299284,9.675264
221088203160992,MAG,25.980000,-21.959999,-35.340000
221088205762333,ACC,0.991230,-0.241822,9.660899
221088207762099,ACC,0.926584,-0.177176,9.613013
221088209761865,ACC,0.909824,-0.055068,9.577099
221088211761631,ACC,0.912219,0.110137,9.505271
221088213761431,ACC,0.960104,0.296890,9.443020
221088213159758,MAG,26.400000,-21.719999,-35.219997
221088215761164,ACC,1.000807,0.390267,9.423865
221088217760897,ACC,1.067847,0.579414,9.433443
221088219760630,ACC,1.120521,0.782928,9.522031
221088221760363,ACC,1.146858,0.869122,9.596253
221088223760096,ACC,1.209109,1.065452,9.809344
221088223158524,MAG,26.820000,-21.480000,-35.099998
221088225759829,ACC,1.242629,1.280937,10.032011
221088227759562,ACC,1.288120,1.364737,10.127783
221088229759362,ACC,1.424594,1.503605,10.249890
221088231759095,ACC,1.671204,1.601770,10.278622
221088233758828,ACC,2.023162,1.616135,10.225947
221088233157224,MAG,27.480000,-21.000000,-35.279999
221088235758561,ACC,2.229070,1.594587,10.151725
221088237758294,ACC,2.736656,1.496422,9.964972
221088239758027,ACC,3.007209,1.407834,9.866806
221088241757760,ACC,3.562681,1.182772,9.696813
221088243757493,ACC,4.137307,0.909824,9.584282
221088243155990,MAG,27.719999,-20.699999,-34.739998
221088245757293,ACC,4.412649,0.773351,9.548368
221088247757026,ACC,4.917840,0.524346,9.512454
221088249756759,ACC,5.355993,0.311256,9.488511
221088251756492,ACC,5.545140,0.215485,9.476540
221088253756225,ACC,5.961744,0.047885,9.354432
221088253154756,MAG,28.320000,-20.459999,-34.500000
221088255755958,ACC,6.040755,0.023943,9.277815
221088257755691,ACC,6.098218,0.007183,9.189227
221088259755491,ACC,6.091035,0.021548,8.971348
221088261755291,ACC,5.961744,0.043097,8.727132
221088263755024,ACC,5.684009,0.090982,8.490098
221088263153456,MAG,28.559999,-20.340000,-34.139999
221088265754757,ACC,5.487678,0.107742,8.382356
221088267754490,ACC,5.011217,0.158022,8.186026
221088269754223,ACC,4.484477,0.225062,8.092649
221088271753956,ACC,4.206741,0.265765,8.073495
221088273753689,ACC,3.665635,0.323227,8.121380
221088273152222,MAG,28.500000,-20.100000,-34.020000
221088275753489,ACC,3.134106,0.402238,8.212362
221088277753222,ACC,2.887496,0.450124,8.272220
221088279752955,ACC,2.466103,0.598569,8.425453
221088281752688,ACC,2.123722,0.770957,8.583475
221088283752421,ACC,1.891477,1.007990,8.736709
221088283150988,MAG,28.799999,-19.439999,-34.200001
221088285752154,ACC,1.822043,1.125309,8.818114
221088287751887,ACC,1.776552,1.391074,8.966559
221088289751620,ACC,1.793312,1.525153,9.026416
221088291751420,ACC,1.867534,1.776552,9.174861
221088293751153,ACC,2.001614,2.011191,9.323306
221088293149688,MAG,28.500000,-18.779999,-34.500000
221088295750886,ACC,2.083019,2.123722,9.399923
221088297750619,ACC,2.272167,2.363149,9.541185
221088299750352,ACC,2.449343,2.559480,9.689631
221088301750085,ACC,2.537931,2.655251,9.794978
221088303749818,ACC,2.705531,2.952141,10.106234
221088303148454,MAG,28.500000,-18.359999,-34.860001
221088305749551,ACC,2.734262,3.033546,10.240314
221088307749351,ACC,2.739050,3.114952,10.381576
221088309749084,ACC,2.695953,3.275368,10.676071
221088311748817,ACC,2.607365,3.419024,10.994510
221088313748550,ACC,2.454132,3.562681,11.348863
221088313147220,MAG,29.160000,-17.940001,-35.040001
221088315748283,ACC,2.346389,3.636904,11.533222
221088317748016,ACC,2.092596,3.770983,11.839689
221088319747749,ACC,1.776552,3.907456,12.079117
221088321747482,ACC,1.580221,3.974496,12.177281
221088323747282,ACC,1.209109,4.091815,12.316150
221088323145986,MAG,29.219999,-17.459999,-35.219997
221088325747015,ACC,0.895459,4.173221,12.323333
221088327746748,ACC,0.804476,4.178010,12.270658
221088329746481,ACC,0.770957,4.094210,11.978557
221088331746214,ACC,0.936161,3.931399,11.490125
221088333745947,ACC,1.314457,3.651269,10.843671
221088333144752,MAG,29.699999,-16.920000,-35.219997
221088335745680,ACC,1.553884,3.495641,10.532414
221088337745480,ACC,2.042316,3.189174,9.991309
221088339745280,ACC,2.502017,2.901861,9.629773
221088341745013,ACC,2.698348,2.798907,9.517242
221088343744746,ACC,3.000026,2.657645,9.380769
221088343143518,MAG,30.539999,-15.839999,-35.340000
221088345744479,ACC,3.100586,2.588211,9.344854
221088347744212,ACC,3.184386,2.492440,9.292180
221088349743945,ACC,3.138894,2.449343,9.205987
221088351743678,ACC,3.071855,2.437372,9.155706
221088353743478,ACC,2.748627,2.406246,8.887548
221088353142284,MAG,30.779999,-15.120000,-35.340000
221088355743278,ACC,2.595394,2.391881,8.784595
221088357743011,ACC,2.439766,2.375121,8.688824
221088359742744,ACC,2.121327,2.360755,8.497281
221088361742477,ACC,1.831620,2.336812,8.348836
221088363742210,ACC,1.580221,2.310475,8.279403
221088363141050,MAG,30.840000,-14.460000,-35.520000
221088365741943,ACC,1.479662,2.288927,8.267431
221088367741676,ACC,1.321640,2.226676,8.320105
221088369741476,ACC,1.192349,2.178790,8.526012
221088371741209,ACC,1.139675,2.066259,8.669669
221088373740942,ACC,1.079818,1.948940,9.071907
221088373139750,MAG,31.500000,-14.280000,-35.939999
221088375740675,ACC,1.065452,1.853169,9.512454
221088377740408,ACC,1.055875,1.817255,9.749487
221088379740141,ACC,1.072635,1.783735,10.218765
221088381739874,ACC,1.103761,1.834015,10.664100
221088383739607,ACC,1.154040,1.982460,11.080704
221088383138516,MAG,31.199999,-14.099999,-36.299999
221088385739407,ACC,1.187560,2.087808,11.272245
221088387739140,ACC,1.249811,2.327235,11.585896
221088389738873,ACC,1.297697,2.461314,11.727158
221088391738606,ACC,1.405439,2.791724,11.928277
221088393738339,ACC,1.525153,3.150866,12.098270
221088393137282,MAG,30.719999,-13.920000,-36.840000
221088395738072,ACC,1.589798,3.330436,12.184464
221088397737805,ACC,1.726272,3.689578,12.306573
221088399737538,ACC,1.853169,4.053507,12.347275
221088401737338,ACC,1.917814,4.218712,12.344881
221088403737104,ACC,2.030345,4.690384,12.273052
221088403136015,MAG,30.959999,-13.740000,-37.079998
221088405736870,ACC,2.023162,4.829252,12.225167
221088407736636,ACC,1.989642,4.963332,12.177281
221088409736402,ACC,1.877111,5.214731,12.050385
221088411736168,ACC,1.690358,5.408667,11.875603
221088413735934,ACC,1.455719,5.542746,11.712792
221088413134815,MAG,30.420000,-12.719999,-37.799999
221088415735700,ACC,1.324034,5.571477,11.614627
221088417735533,ACC,1.075029,5.571477,11.356046
221088419735399,ACC,0.974470,5.525986,11.202812
221088421735265,ACC,0.857150,5.348810,10.829305
221088423735131,ACC,0.852362,5.061497,10.395941
221088423133715,MAG,30.359999,-12.240000,-37.799999
221088425734997,ACC,0.964893,4.884321,10.003280
221088427734863,ACC,1.046298,4.506025,9.835681
221088429734729,ACC,1.240234,4.132518,9.608225
221088431734662,ACC,1.415016,3.770983,9.469357
221088433734595,ACC,1.601770,3.457333,9.407105
221088433132615,MAG,30.719999,-11.520000,-38.040001
221088435734528,ACC,1.690358,3.332830,9.397529
221088437734461,ACC,1.826832,3.112557,9.359221
221088439734394,ACC,1.884294,3.014392,9.330489
221088441734327,ACC,1.946545,2.856370,9.246689
221088443734260,ACC,1.932180,2.705531,9.122187
221088443131581,MAG,30.719999,-10.800000,-37.799999
221088445734193,ACC,1.917814,2.624125,9.059936
221088447734193,ACC,1.838803,2.482863,8.904308
221088449734159,ACC,1.723878,2.348783,8.755863
221088451734125,ACC,1.644867,2.291321,8.686429
221088453734091,ACC,1.343188,2.207521,8.621783
221088453130547,MAG,30.660000,-10.559999,-37.439999
221088455734057,ACC,1.211503,2.111750,8.655303
221088457734023,ACC,1.055875,2.073442,8.717555
221088459733989,ACC,0.744619,1.994431,8.856422
221088461733955,ACC,0.399844,1.929785,9.045570
221088463733955,ACC,0.043097,1.877111,9.275420
221088463129513,MAG,30.779999,-9.960000,-37.380001
221088465733921,ACC,-0.122108,1.848380,9.399923
221088467733887,ACC,-0.407027,1.798100,9.680053
221088469733853,ACC,-0.536318,1.783735,9.799767
221088471733819,ACC,-0.761379,1.728666,9.993703
221088473733785,ACC,-0.950527,1.692752,10.101445
221088473128513,MAG,30.599998,-9.420000,-37.439999
221088475733751,ACC,-1.075029,1.671204,10.144543
221088477733717,ACC,-1.122915,1.649655,10.166091
221088479733650,ACC,-1.182772,1.661627,10.077502
221088481733583,ACC,-1.204320,1.685570,9.972155
221088483733516,ACC,-1.177983,1.747821,9.885961
221088483127513,MAG,30.480000,-9.179999,-38.219997
221088485733449,ACC,-1.144463,1.798100,9.857229
221088487733382,ACC,-1.055875,1.915420,9.823709
221088489733315,ACC,-1.003201,1.965700,9.814133
221088491733248,ACC,-0.847573,2.075836,9.732727
221088493733181,ACC,-0.656031,2.212310,9.620196
221088493126579,MAG,30.240000,-9.000000,-38.579998
221088495733114,ACC,-0.565049,2.288927,9.560339
221088497732980,ACC,-0.421392,2.461314,9.450203
221088499732846,ACC,-0.301679,2.633702,9.385557
221088501732712,ACC,-0.263370,2.724685,9.375980
221088503732578,ACC,-0.229850,2.897073,9.378374
221088503125645,MAG,29.580000,-8.880000,-39.299999
221088505732444,ACC,-0.239427,3.095797,9.419077
221088507732310,ACC,-0.263370,3.184386,9.445415
221088509732210,ACC,-0.342381,3.349591,9.488511
221088511732110,ACC,-0.440547,3.486064,9.505271
221088513731943,ACC,-0.557866,3.548315,9.507666
221088513124645,MAG,29.459999,-8.639999,-39.779999
221088515731776,ACC,-0.615329,3.569864,9.514848
221088517731609,ACC,-0.754197,3.603384,9.529214
221088519731442,ACC,-0.876305,3.584229,9.579494
221088521731275,ACC,-0.936161,3.562681,9.627379
221088523731108,ACC,-1.046298,3.533950,9.787795
221088523123711,MAG,28.859999,-8.400000,-39.719997
221088525730974,ACC,-1.094184,3.529161,9.893144
221088527730774,ACC,-1.142069,3.526767,10.144543
221088529730574,ACC,-1.168406,3.555498,10.369604
221088531730374,ACC,-1.180377,3.579441,10.563540
221088533730174,ACC,-1.142069,3.651269,10.678466
221088533122777,MAG,28.980000,-7.920000,-39.899998
221088535729974,ACC,-1.096578,3.687183,10.690437
221088537729774,ACC,-0.991230,3.730280,10.656918
221088539729574,ACC,-0.912219,3.761406,10.628186
221088541729374,ACC,-0.689551,3.830840,10.544386
221088543729107,ACC,-0.452518,3.854782,10.503684
221088543121777,MAG,29.519999,-7.620000,-40.079998
221088545728840,ACC,-0.320833,3.866754,10.510866
221088547728573,ACC,-0.045491,3.900274,10.592272
221088549728306,ACC,0.220273,3.897879,10.707197
221088551728039,ACC,0.347170,3.873937,10.755082
221088553727772,ACC,0.584203,3.799714,10.788602
221088553120843,MAG,29.639999,-7.320000,-39.959999
221088555727505,ACC,0.766168,3.660846,10.695226
221088557727305,ACC,0.847573,3.572258,10.589877
221088559727038,ACC,0.964893,3.368745,10.285805
221088561726771,ACC,1.027144,3.124529,9.953000
221088563726504,ACC,1.010384,2.868341,9.632168
221088563119909,MAG,30.059999,-7.080000,-39.899998
221088565726237,ACC,0.945739,2.751022,9.471751
221088567725970,ACC,0.720677,2.528354,9.155706
221088569725703,ACC,0.572232,2.437372,9.012051
221088571725436,ACC,0.189148,2.262590,8.727132
221088573725236,ACC,-0.270553,2.133299,8.466156
221088573118975,MAG,29.939999,-7.140000,-39.599998
221088575724969,ACC,-0.536318,2.087808,8.339259
221088577724702,ACC,-1.098972,2.008796,8.083072
221088579724435,ACC,-1.642473,1.946545,7.855616
221088581724168,ACC,-1.891477,1.929785,7.745479
221088583723901,ACC,-2.590605,1.939363,7.460560
221088583118041,MAG,29.639999,-6.900000,-39.360001
221088585723634,ACC,-2.798907,1.948940,7.405492
221088587723434,ACC,-3.181991,1.970488,7.400703
221088589723234,ACC,-3.363956,2.085413,7.419858
221088591722967,ACC,-3.699155,2.231464,7.529994
221088593722700,ACC,-3.996045,2.413429,7.714354
221088593117107,MAG,29.459999,-7.140000,-39.660000
221088595722433,ACC,-4.137307,2.525960,7.831673
221088597722166,ACC,-4.376734,2.774965,8.061523
221088599721899,ACC,-4.553911,3.055095,8.308133
221088601721632,ACC,-4.611373,3.193963,8.444607
221088603721432,ACC,-4.676019,3.454939,8.729526
221088603116173,MAG,29.400000,-7.140000,-39.779999
221088605721232,ACC,-4.687990,3.691972,9.047964
221088607720965,ACC,-4.676019,3.816474,9.232324
221088609720698,ACC,-4.594614,4.077450,9.646533
221088611720431,ACC,-4.460534,4.359974,10.122993
221088613720164,ACC,-4.297723,4.628133,10.630580
221088613115239,MAG,29.340000,-7.020000,-40.200001
221088615719897,ACC,-4.204347,4.750241,10.884374
221088617719630,ACC,-4.031959,5.016006,11.427874
221088619719430,ACC,-3.936188,5.138114,11.724764
221088621719163,ACC,-3.761406,5.377541,12.328121
221088623718896,ACC,-3.572258,5.578660,12.890776
221088623114239,MAG,29.219999,-6.840000,-40.919998
221088625718629,ACC,-3.478881,5.667248,13.125415
221088627718362,ACC,-3.289734,5.789357,13.522864
221088629718095,ACC,-3.076643,5.854002,13.757504
221088631717828,ACC,-2.964112,5.875550,13.841303
221088633717561,ACC,-2.631308,5.849213,13.975382
221088633113305,MAG,28.920000,-6.360000,-41.040001
221088635717361,ACC,-2.506806,5.818088,13.982565
221088637717094,ACC,-2.257801,5.789357,13.961017
221088639716827,ACC,-2.145270,5.724711,13.915525
221088641716560,ACC,-1.953728,5.633729,13.822148
221088643716293,ACC,-1.802889,5.557112,13.709618
221088643112371,MAG,28.799999,-6.120000,-41.219997
221088645716026,ACC,-1.743032,5.528380,13.635395
221088647715759,ACC,-1.625713,5.490072,13.465402
221088649715492,ACC,-1.479662,5.437398,13.206820
221088651715292,ACC,-1.395862,5.413455,13.058374
221088653715025,ACC,-1.218686,5.351204,12.692051
221088653111371,MAG,28.680000,-5.760000,-41.279999
221088655714758,ACC,-1.007990,5.262616,12.265870
221088657714491,ACC,-0.905036,5.205153,12.050385
221088659714224,ACC,-0.658426,5.083045,11.607444
221088661713957,ACC,-0.395055,4.908263,11.176475
221088663713690,ACC,-0.158022,4.719116,10.752688
221088663110437,MAG,28.680000,-5.820000,-40.799999
221088665713423,ACC,-0.047885,4.611373,10.558752
221088667713223,ACC,0.155628,4.412649,10.211582
221088669712956,ACC,0.241822,4.300117,10.051166
221088671712689,ACC,0.426181,4.084633,9.773430
221088673712422,ACC,0.538712,3.864360,9.543579
221088673109503,MAG,28.379999,-6.000000,-40.559998
221088675712155,ACC,0.579414,3.737463,9.426260
221088677711888,ACC,0.605752,3.471699,9.203592
221088679711621,ACC,0.579414,3.184386,8.980925
221088681711454,ACC,0.543500,3.021575,8.873182
221088683711220,ACC,0.380690,2.540326,8.607418
221088683108536,MAG,28.320000,-6.480000,-40.500000
221088685710953,ACC,0.294496,2.382303,8.509253
221088687710686,ACC,0.193936,2.241041,8.401510
221088689710419,ACC,-0.067040,1.951334,8.114198
221088691710152,ACC,-0.411815,1.690358,7.723930
221088693709885,ACC,-0.842785,1.453325,7.336058
221088693107602,MAG,28.260000,-6.960000,-40.020000
221088695709618,ACC,-1.094184,1.336005,7.180430
221088697709418,ACC,-1.668810,1.130098,6.972128
221088699709151,ACC,-2.327235,0.948133,6.897906
221088701708884,ACC,-2.674405,0.878699,6.890723
221088703708617,ACC,-3.385504,0.787716,6.952974
221088703106635,MAG,28.500000,-7.080000,-40.020000
221088705708350,ACC,-4.060690,0.725465,7.022408
221088707708083,ACC,-4.374340,0.708705,7.048745
221088709707816,ACC,-4.972909,0.677580,7.067899
221088711707549,ACC,-5.478101,0.711100,7.087053
221088713707349,ACC,-5.861185,0.818842,7.180430
221088713105668,MAG,28.740000,-7.500000,-39.899998
221088715707082,ACC,-6.002447,0.900247,7.245076
221088717706815,ACC,-6.203566,1.098972,7.450983
221088719706548,ACC,-6.284971,1.209109,7.594640
221088721706281,ACC,-6.344828,1.474873,7.922655
221088723706014,ACC,-6.328068,1.740638,8.281796
221088723104601,MAG,28.799999,-7.680000,-40.259998
221088725705747,ACC,-6.282577,1.874717,8.449396
221088727705480,ACC,-6.143709,2.104568,8.779806
221088729705280,ACC,-5.968927,2.291321,9.110215
221088731705013,ACC,-5.854002,2.372726,9.268238
221088733704746,ACC,-5.406272,2.559480,9.727939
221088733103467,MAG,29.400000,-7.380000,-40.500000
221088735704479,ACC,-5.236279,2.607365,9.857229
221088737704212,ACC,-5.059103,2.662434,9.988914
221088739703945,ACC,-4.678413,2.779753,10.257073
221088741703645,ACC,-4.252232,2.913832,10.580300
221088743703411,ACC,-3.806897,3.076643,10.958596
221088743102333,MAG,29.039999,-7.440000,-40.379997
221088745703211,ACC,-3.565075,3.153260,11.150138
221088747702944,ACC,-3.074249,3.323253,11.463788
221088749702677,ACC,-2.595394,3.409447,11.698426
221088751702410,ACC,-2.348783,3.579441,11.772649
221088753702143,ACC,-1.879506,3.737463,11.842083
221088753101166,MAG,29.340000,-7.440000,-40.559998
221088755701876,ACC,-1.438959,3.888302,11.772649
221088757701609,ACC,-1.235446,3.967313,11.727158
221088759701409,ACC,-0.861939,4.139701,11.619415
221088761701209,ACC,-0.483644,4.307301,11.511673
221088763700942,ACC,-0.136474,4.462928,11.394354
221088763099932,MAG,29.219999,-7.020000,-40.320000
221088765700675,ACC,0.033520,4.532362,11.332103
221088767700408,ACC,0.330410,4.659259,11.245909
221088769700141,ACC,0.442941,4.721510,11.221966
221088771699874,ACC,0.636877,4.846012,11.198023
221088773699607,ACC,0.770957,4.956149,11.193234
221088773098732,MAG,28.920000,-7.140000,-40.619999
221088775699407,ACC,0.806871,4.994457,11.193234
221088777699140,ACC,0.821236,5.056708,11.212389
221088779698873,ACC,0.780534,5.102200,11.236332
221088781698606,ACC,0.739831,5.095017,11.231544
221088783698339,ACC,0.557866,4.977697,11.186052
221088783097465,MAG,28.980000,-7.320000,-40.619999
221088785698072,ACC,0.474066,4.913052,11.171686
221088787697805,ACC,0.378295,4.824464,11.145350
221088789697538,ACC,0.172388,4.592219,11.073521
221088791697338,ACC,-0.107742,4.302512,10.994510
221088793697071,ACC,-0.462095,3.948159,10.913105
221088793096131,MAG,28.859999,-6.960000,-40.680000
221088795696804,ACC,-0.663214,3.766194,10.886767
221088797696537,ACC,-1.115732,3.390293,10.841276
221088799696270,ACC,-1.359948,3.213117,10.810151
221088801696003,ACC,-1.824437,2.892284,10.759871
221088803695736,ACC,-2.257801,2.628914,10.714379
221088803094864,MAG,28.859999,-6.960000,-40.799999
221088805695469,ACC,-2.652857,2.533143,10.702409
221088807695269,ACC,-2.820456,2.367938,10.702409
221088809695002,ACC,-3.124529,2.276955,10.704803
221088811694735,ACC,-3.366350,2.243435,10.709591
221088813694468,ACC,-3.562681,2.253013,10.661706
221088813093597,MAG,28.619999,-6.900000,-40.680000
221088815694201,ACC,-3.634509,2.267378,10.611426
221088817693934,ACC,-3.711126,2.291321,10.419884
221088819693667,ACC,-3.773377,2.334418,10.149331
221088821693400,ACC,-3.785348,2.348783,10.005674
221088823693200,ACC,-3.744646,2.406246,9.682447
221088823092330,MAG,28.559999,-7.020000,-40.799999
221088825692933,ACC,-3.713520,2.413429,9.522031
221088827692666,ACC,-3.617749,2.430189,9.220352
221088829692399,ACC,-3.469304,2.427795,9.007262
221088831692132,ACC,-3.375927,2.413429,8.942616
221088833691865,ACC,-3.009604,2.394275,8.863605
221088833091063,MAG,28.320000,-7.380000,-40.500000
221088835691598,ACC,-2.870735,2.391881,8.875577
221088837691398,ACC,-2.722291,2.391881,8.904308
221088839691198,ACC,-2.451737,2.406246,8.976136
221088841690931,ACC,-2.214704,2.415823,9.074302
221088843690664,ACC,-2.018374,2.434978,9.182044
221088843089796,MAG,28.500000,-7.320000,-40.379997
221088845690397,ACC,-1.932180,2.458920,9.227535
221088847690130,ACC,-1.778946,2.502017,9.316123
221088849689863,ACC,-1.697541,2.525960,9.364009
221088851689596,ACC,-1.551490,2.583422,9.469357
221088853689396,ACC,-1.458113,2.636096,9.569917
221088853088529,MAG,28.680000,-7.680000,-40.200001
221088855689196,ACC,-1.417411,2.650462,9.615408
221088857688929,ACC,-1.336005,2.695953,9.672871
221088859688662,ACC,-1.237840,2.724685,9.706390
221088861688395,ACC,-1.154040,2.736656,9.692024
221088863688128,ACC,-1.053481,2.767782,9.670476
221088863087262,MAG,28.559999,-7.920000,-40.020000
221088865687861,ACC,-1.005595,2.772570,9.675264
221088867687594,ACC,-0.909824,2.796513,9.658504
221088869687394,ACC,-0.897853,2.801301,9.656111
221088871687160,ACC,-0.873910,2.801301,9.684841
221088873686926,ACC,-0.869122,2.786936,9.756670
221088873085962,MAG,28.619999,-8.400000,-39.899998
221088875686692,ACC,-0.869122,2.767782,9.804555
221088877686458,ACC,-0.907430,2.736656,9.871595
221088879686224,ACC,-0.991230,2.693559,9.926663
221088881685990,ACC,-1.046298,2.686376,9.964972
221088883685756,ACC,-1.151646,2.679193,10.041589
221088883084728,MAG,28.740000,-8.940000,-40.200001
221088885685589,ACC,-1.271360,2.683982,10.099051
221088887685355,ACC,-1.328822,2.672011,10.125388
221088889685121,ACC,-1.450930,2.648068,10.139753
221088891684887,ACC,-1.577827,2.626519,10.151725
221088893684653,ACC,-1.704724,2.602577,10.146936
221088893083494,MAG,28.619999,-9.480000,-40.439999
221088895684419,ACC,-1.769369,2.588211,10.144543
221088897684185,ACC,-1.886689,2.561874,10.151725
221088899683951,ACC,-1.944151,2.540326,10.161303
221088901683784,ACC,-2.018374,2.511594,10.142148
221088903683550,ACC,-2.080625,2.506806,10.122993
221088903082194,MAG,28.799999,-10.080000,-40.379997
221088905683316,ACC,-2.099779,2.504411,10.120600
221088907683082,ACC,-2.145270,2.513988,10.113417
221088909682848,ACC,-2.183579,2.487652,10.146936
221088911682614,ACC,-2.221887,2.478074,10.163696
221088913682380,ACC,-2.274561,2.434978,10.240314
221088913080960,MAG,28.980000,-9.960000,-40.379997
221088915682146,ACC,-2.329629,2.437372,10.300170
221088917681979,ACC,-2.444555,2.437372,10.417490
221088919681745,ACC,-2.564268,2.444555,10.508472
221088921681511,ACC,-2.624125,2.454132,10.551569
221088923079726,MAG,28.439999,-10.139999,-39.899998
221088923681277,ACC,-2.748627,2.485257,10.661706
221088925681043,ACC,-2.815667,2.490046,10.714379
221088927680809,ACC,-2.925804,2.485257,10.771842
221088929680575,ACC,-3.009604,2.463709,10.774237
221088931680375,ACC,-3.033546,2.458920,10.747900
221088933680175,ACC,-3.067066,2.468497,10.625792
221088933078492,MAG,28.260000,-10.559999,-39.599998
221088935679908,ACC,-3.079037,2.463709,10.465375
221088937679641,ACC,-3.079037,2.470892,10.391152
221088939679374,ACC,-3.067066,2.490046,10.213976
221088941679107,ACC,-3.035940,2.521171,10.072714
221088943678840,ACC,-2.995238,2.569057,9.964972
221088943077258,MAG,28.139999,-10.740000,-39.719997
221088945678573,ACC,-2.954535,2.595394,9.921875
221088947678373,ACC,-2.863553,2.643279,9.852441
221088949678106,ACC,-2.813273,2.660039,9.826104
221088951677839,ACC,-2.743839,2.679193,9.778218
221088953677572,ACC,-2.676799,2.693559,9.759064
221088953076024,MAG,27.779999,-11.580000,-39.719997
221088955677305,ACC,-2.624125,2.686376,9.742304
221088957677038,ACC,-2.506806,2.650462,9.644139
221088959676771,ACC,-2.387092,2.585817,9.543579
221088961676504,ACC,-2.341601,2.557086,9.483723
221088963676304,ACC,-2.166819,2.454132,9.361614
221088963074790,MAG,28.080000,-12.179999,-40.079998
221088965676037,ACC,-2.114145,2.415823,9.347249
221088967675770,ACC,-2.011191,2.382303,9.332883
221088969675503,ACC,-1.953728,2.276955,9.349643
221088971675236,ACC,-1.850774,2.181184,9.380769
221088973674969,ACC,-1.716695,2.073442,9.414289
221088973073556,MAG,28.500000,-12.420000,-39.899998
221088975674702,ACC,-1.654444,2.015979,9.433443
221088977674435,ACC,-1.529942,1.898660,9.464568
221088979674235,ACC,-1.419805,1.793312,9.483723
221088981673968,ACC,-1.379102,1.759792,9.488511
221088983072289,MAG,28.199999,-12.719999,-40.079998
221088983673701,ACC,-1.333611,1.726272,9.512454
221088985673434,ACC,-1.321640,1.714301,9.502876
221088987673167,ACC,-1.312063,1.731061,9.519637
221088989672900,ACC,-1.312063,1.764580,9.548368
221088991672633,ACC,-1.326428,1.778946,9.591465
221088993672366,ACC,-1.367131,1.805283,9.608225
221088993071055,MAG,28.439999,-13.080000,-40.079998
221088995672166,ACC,-1.381497,1.819649,9.620196
221088997671899,ACC,-1.436565,1.826832,9.629773
221088999671632,ACC,-1.489239,1.829226,9.634562
221089001671365,ACC,-1.515576,1.817255,9.634562
221089003671098,ACC,-1.561067,1.790918,9.596253
221089003069821,MAG,28.740000,-13.500000,-39.599998
221089005670831,ACC,-1.575433,1.774158,9.579494
221089007670564,ACC,-1.596981,1.728666,9.543579
221089009670364,ACC,-1.635290,1.649655,9.510059
221089011670164,ACC,-1.637684,1.606558,9.486116
221089013669897,ACC,-1.666415,1.491633,9.383162
221089013068521,MAG,27.900000,-13.799999,-39.480000
221089015669630,ACC,-1.673598,1.453325,9.354432
221089017669363,ACC,-1.673598,1.422199,9.325701
221089019669096,ACC,-1.699935,1.359948,9.296969
221089021668829,ACC,-1.728666,1.312063,9.313729
221089023668562,ACC,-1.805283,1.252206,9.340066
221089023067287,MAG,28.080000,-14.099999,-39.239998
221089025668362,ACC,-1.834015,1.237840,9.368797
221089027668095,ACC,-1.927391,1.206715,9.440625
221089029667828,ACC,-2.037528,1.180377,9.502876
221089031667561,ACC,-2.097385,1.173195,9.536397
221089033667294,ACC,-2.217098,1.151646,9.610620
221089033066053,MAG,28.260000,-13.980000,-38.759998
221089035667027,ACC,-2.339206,1.139675,9.636956
221089037666760,ACC,-2.411035,1.134886,9.641745
221089039666493,ACC,-2.554691,1.089395,9.627379
221089041666293,ACC,-2.710319,1.034327,9.557945
221089043666026,ACC,-2.856370,0.998413,9.428655
221089043064753,MAG,27.900000,-14.280000,-38.639999
221089045665759,ACC,-2.932987,0.976864,9.356826
221089047665492,ACC,-3.110163,0.933767,9.229929
221089049665225,ACC,-3.191568,0.919402,9.177256
221089051664958,ACC,-3.340013,0.924190,9.122187
221089053664691,ACC,-3.469304,0.974470,9.129370
221089053063519,MAG,28.199999,-14.520000,-38.399998
221089055664424,ACC,-3.510007,0.991230,9.165284
221089057664224,ACC,-3.562681,1.024750,9.241900
221089059663957,ACC,-3.562681,1.055875,9.342461
221089061663690,ACC,-3.545921,1.075029,9.380769
221089063663423,ACC,-3.464516,1.122915,9.505271
221089063062285,MAG,28.199999,-14.520000,-38.219997
221089065663156,ACC,-3.435784,1.132492,9.557945
221089067662889,ACC,-3.407053,1.127703,9.601042
221089069662622,ACC,-3.349591,1.132492,9.672871
221089071662355,ACC,-3.299311,1.130098,9.756670
221089073662155,ACC,-3.234665,1.089395,9.873989
221089073061051,MAG,28.080000,-14.759999,-38.160000
221089075661888,ACC,-3.205934,1.065452,9.936240
221089077661621,ACC,-3.158048,1.051087,10.063137
221089079661354,ACC,-3.088614,1.031932,10.199611
221089081661087,ACC,-3.050306,0.996018,10.254679
221089083660820,ACC,-3.004815,0.979258,10.343267
221089083059817,MAG,27.840000,-15.059999,-37.980000
221089085660553,ACC,-2.978478,0.986441,10.412702
221089087660353,ACC,-2.959324,0.996018,10.443827
221089089660153,ACC,-2.899467,1.015172,10.479741
221089091659886,ACC,-2.822850,1.055875,10.496501
221089093659619,ACC,-2.729473,1.110944,10.501289
221089093058583,MAG,27.779999,-14.940000,-38.040001
221089095659352,ACC,-2.664828,1.134886,10.508472
221089097659085,ACC,-2.528354,1.201926,10.491713
221089099658818,ACC,-2.336812,1.230657,10.472558
221089101658551,ACC,-2.241041,1.240234,10.467770
221089103658351,ACC,-2.066259,1.240234,10.458193
221089103057349,MAG,27.779999,-15.660000,-38.099998
221089105658151,ACC,-1.972882,1.235446,10.460587
221089107657884,ACC,-1.769369,1.216292,10.429461
221089109657617,ACC,-1.585010,1.139675,10.362421
221089111657350,ACC,-1.501210,1.094184,10.328901
221089113657083,ACC,-1.245023,0.919402,10.218765
221089113056115,MAG,27.480000,-16.260000,-38.160000
221089115656816,ACC,-1.154040,0.849968,10.166091
221089117656549,ACC,-1.072635,0.770957,10.111023
221089119656349,ACC,-0.933767,0.629694,9.996098
221089121656082,ACC,-0.811659,0.490826,9.859624
221089123655815,ACC,-0.720677,0.351958,9.744699
221089123054815,MAG,28.019999,-16.320000,-38.219997
221089125655548,ACC,-0.696734,0.289707,9.689631
221089127655281,ACC,-0.653637,0.165205,9.562734
221089129655014,ACC,-0.648848,0.107742,9.498088
221089131654747,ACC,-0.641666,-0.009577,9.411894
221089133654480,ACC,-0.672791,-0.112531,9.296969
221089133053581,MAG,28.019999,-16.859999,-38.399998
221089135654280,ACC,-0.718282,-0.165205,9.172467
221089137654013,ACC,-0.735042,-0.294496,9.105427
221089139653746,ACC,-0.809265,-0.407027,8.985713
221089141653479,ACC,-0.907430,-0.493221,8.906702
221089143653212,ACC,-1.007990,-0.598569,8.863605
221089143052347,MAG,27.779999,-16.859999,-38.040001
221089145652945,ACC,-1.070241,-0.639271,8.851634
221089147652678,ACC,-1.230657,-0.699128,8.830086
221089149652411,ACC,-1.316851,-0.735042,8.827691
221089151652211,ACC,-1.494027,-0.802082,8.844451
221089153651944,ACC,-1.628107,-0.859545,8.849239
221089153051047,MAG,27.539999,-17.100000,-38.040001
221089155651677,ACC,-1.687964,-0.883487,8.858817
221089157651410,ACC,-1.802889,-0.909824,8.858817
221089159651143,ACC,-1.893871,-0.924190,8.880365
221089161650876,ACC,-1.934574,-0.914613,8.892337
221089163650609,ACC,-2.094990,-0.866727,8.966559
221089163049813,MAG,26.939999,-17.400000,-38.040001
221089165650342,ACC,-2.142876,-0.830813,8.990502
221089167650142,ACC,-2.195550,-0.806871,9.021627
221089169649875,ACC,-2.320052,-0.713494,9.103033
221089171649608,ACC,-2.485257,-0.603357,9.268238
221089173649341,ACC,-2.686376,-0.440547,9.464568
221089173048546,MAG,27.000000,-17.639999,-37.799999
221089175649074,ACC,-2.789330,-0.347170,9.555551
221089177648807,ACC,-3.007209,-0.136474,9.778218
221089179648540,ACC,-3.237060,0.112531,10.036800
221089181648340,ACC,-3.349591,0.237033,10.178062
221089183648140,ACC,-3.560287,0.488432,10.484529
221089183047279,MAG,27.119999,-18.240000,-37.799999
221089185647873,ACC,-3.751829,0.629694,10.642551
221089187647606,ACC,-3.821263,0.928979,10.946625
221089189647339,ACC,-3.931399,1.225869,11.178869
221089191647072,ACC,-3.972102,1.501210,11.415902
221089193646805,ACC,-3.991256,1.793312,11.667301
221089193046012,MAG,26.760000,-18.119999,-38.099998
221089195646538,ACC,-3.964919,1.939363,11.784620
221089197646338,ACC,-3.849994,2.212310,11.947432
221089199646071,ACC,-3.770983,2.334418,12.019259
221089201645804,ACC,-3.553104,2.552297,12.112637
221089203645537,ACC,-3.289734,2.700742,12.155733
221089203044745,MAG,26.459999,-18.119999,-38.040001
221089205645270,ACC,-3.148471,2.760599,12.136579
221089207645003,ACC,-2.865947,2.830033,12.067145
221089209644736,ACC,-2.604971,2.825244,11.968980
221089211644469,ACC,-2.468497,2.813273,11.913912
221089213644269,ACC,-2.209916,2.734262,11.772649
221089213043478,MAG,26.219999,-18.119999,-38.219997
221089215644002,ACC,-1.984854,2.607365,11.648147
221089217643735,ACC,-1.896266,2.528354,11.573924
221089219643468,ACC,-1.764580,2.346389,11.432662
221089221643201,ACC,-1.697541,2.109356,11.279428
221089223642934,ACC,-1.680781,1.817255,11.126195
221089223042211,MAG,25.799999,-18.059999,-38.160000
221089225642667,ACC,-1.685570,1.675992,11.063944
221089227642400,ACC,-1.695147,1.369525,10.944230
221089229642200,ACC,-1.687964,1.213897,10.896344
221089231641933,ACC,-1.680781,0.912219,10.824516
221089233641666,ACC,-1.668810,0.620117,10.721562
221089233040877,MAG,25.799999,-18.480000,-38.279999
221089235641399,ACC,-1.664021,0.471672,10.654523
221089237641132,ACC,-1.661627,0.191542,10.501289
221089239640865,ACC,-1.683175,-0.040703,10.309748
221089241640598,ACC,-1.702329,-0.146051,10.103840
221089243640331,ACC,-1.750215,-0.409421,9.878778
221089243039610,MAG,26.099998,-18.719999,-38.099998
221089245640131,ACC,-1.759792,-0.474066,9.773430
221089247639864,ACC,-1.788523,-0.608146,9.557945
221089249639597,ACC,-1.788523,-0.663214,9.464568
221089251639330,ACC,-1.778946,-0.778139,9.282603
221089253639063,ACC,-1.769369,-0.912219,9.138947
221089253038343,MAG,26.039999,-19.020000,-37.619999
221089255638796,ACC,-1.781340,-0.974470,9.088667
221089257638529,ACC,-1.848380,-1.096578,8.968953
221089259638329,ACC,-1.946545,-1.261783,8.796566
221089261638129,ACC,-2.004008,-1.338400,8.693612
221089263637862,ACC,-2.150059,-1.503605,8.470944
221089263037009,MAG,26.219999,-18.779999,-37.439999
221089265637595,ACC,-2.317658,-1.616135,8.224334
221089267637328,ACC,-2.394275,-1.675992,8.099832
221089269637061,ACC,-2.578634,-1.786129,7.886741
221089271636794,ACC,-2.774965,-1.843592,7.740690
221089273636527,ACC,-2.959324,-1.905843,7.728719
221089273035742,MAG,26.459999,-18.779999,-36.899998
221089275636327,ACC,-3.050306,-1.934574,7.771816
221089277636127,ACC,-3.213117,-1.968094,7.903501
221089279635893,ACC,-3.363956,-1.982460,8.092649
221089281635659,ACC,-3.430996,-1.972882,8.207574
221089283635425,ACC,-3.553104,-1.901054,8.497281
221089283034508,MAG,26.279999,-19.080000,-37.139999
221089285635191,ACC,-3.603384,-1.850774,8.657698
221089287634957,ACC,-3.701549,-1.699935,9.007262
221089289634723,ACC,-3.766194,-1.517970,9.375980
221089291634556,ACC,-3.785348,-1.422199,9.555551
221089293634322,ACC,-3.799714,-1.077424,10.020041
221089293033208,MAG,26.219999,-19.139999,-37.200001
221089295634088,ACC,-3.778166,-0.952921,10.149331
221089297633854,ACC,-3.672817,-0.826025,10.374393
221089299633620,ACC,-3.605778,-0.579414,10.446221
221089301633386,ACC,-3.430996,-0.335198,10.530021
221089303633152,ACC,-3.198751,-0.122108,10.585089
221089303031974,MAG,26.039999,-19.680000,-37.320000
221089305632918,ACC,-3.059883,-0.035914,10.601849
221089307632751,ACC,-2.743839,0.098165,10.618608
221089309632517,ACC,-2.389486,0.203513,10.654523
221089311632283,ACC,-2.212310,0.234639,10.690437
221089313632049,ACC,-1.834015,0.237033,10.786208
221089313030740,MAG,25.799999,-19.980000,-37.320000
221089315631815,ACC,-1.465296,0.210696,10.908316
221089317631581,ACC,-1.295303,0.193936,10.984933
221089319631347,ACC,-0.996018,0.114925,11.145350
221089321631113,ACC,-0.756591,0.009577,11.315343
221089323630946,ACC,-0.548289,-0.095771,11.444633
221089323029506,MAG,25.680000,-19.799999,-37.200001
221089325630712,ACC,-0.464489,-0.141262,11.514068
221089327630478,ACC,-0.294496,-0.225062,11.612233
221089329630244,ACC,-0.208302,-0.270553,11.619415
221089331630010,ACC,-0.047885,-0.337593,11.612233
221089333629776,ACC,0.086194,-0.407027,11.549982
221089333028272,MAG,25.619999,-20.279999,-37.439999
221089335629542,ACC,0.141262,-0.435758,11.528433
221089337629308,ACC,0.260976,-0.483644,11.511673
221089339629108,ACC,0.323227,-0.531529,11.475760
221089341628841,ACC,0.339987,-0.555472,11.423085
221089343628574,ACC,0.311256,-0.617723,11.140561
221089343027038,MAG,25.859999,-20.340000,-37.439999
221089345628307,ACC,0.270553,-0.636877,11.011270
221089347628040,ACC,0.215485,-0.651243,10.874796
221089349627773,ACC,0.090982,-0.689551,10.611426
221089351627506,ACC,-0.057463,-0.718282,10.345661
221089353627306,ACC,-0.208302,-0.766168,10.118205
221089353025804,MAG,25.859999,-20.459999,-36.840000
221089355627106,ACC,-0.294496,-0.804476,10.020041
221089357626839,ACC,-0.462095,-0.900247,9.835681
221089359626572,ACC,-0.596174,-1.015172,9.725544
221089361626305,ACC,-0.656031,-1.063058,9.622590
221089363626038,ACC,-0.758985,-1.168406,9.311335
221089363024570,MAG,25.920000,-21.000000,-36.419998
221089365625771,ACC,-0.878699,-1.288120,9.031204
221089367625504,ACC,-0.955316,-1.340794,8.930645
221089369625304,ACC,-1.130098,-1.417411,8.772623
221089371625037,ACC,-1.288120,-1.484450,8.710372
221089373624770,ACC,-1.482056,-1.558673,8.712766
221089373023270,MAG,26.160000,-20.820000,-36.000000
221089375624503,ACC,-1.594587,-1.608953,8.741497
221089377624236,ACC,-1.841197,-1.659232,8.834874
221089379623969,ACC,-1.963305,-1.671204,8.904308
221089381623702,ACC,-2.217098,-1.697541,9.062330
221089383623435,ACC,-2.463709,-1.721484,9.244295
221089383022036,MAG,26.039999,-21.359999,-35.700001
221089385623335,ACC,-2.569057,-1.726272,9.332883
221089387623068,ACC,-2.748627,-1.714301,9.536397
221089389622801,ACC,-2.842004,-1.678387,9.737515
221089391622534,ACC,-2.858764,-1.654444,9.828498
221089393622267,ACC,-2.767782,-1.558673,10.144543
221089393020802,MAG,26.580000,-21.420000,-35.880001
221089395622000,ACC,-2.686376,-1.520365,10.254679
221089397621733,ACC,-2.595394,-1.482056,10.364816
221089399621466,ACC,-2.365544,-1.407834,10.575512
221089401621266,ACC,-2.049499,-1.343188,10.786208
221089403620999,ACC,-1.661627,-1.302485,10.944230
221089403019502,MAG,27.539999,-21.719999,-35.700001
221089405620732,ACC,-1.460508,-1.285726,10.999298
221089407620465,ACC,-1.019961,-1.254600,11.066339
221089409620198,ACC,-0.577020,-1.237840,11.085492
221089411619931,ACC,-0.347170,-1.230657,11.080704
221089413619664,ACC,0.093377,-1.233052,11.059155
221089413018268,MAG,28.080000,-21.959999,-35.160000
221089415619397,ACC,0.509981,-1.211503,11.018453
221089417619197,ACC,0.706311,-1.209109,10.992116
221089419618930,ACC,1.048692,-1.175589,10.960990
221089421618663,ACC,1.369525,-1.144463,10.941835
221089423618396,ACC,1.656838,-1.094184,10.913105
221089423017034,MAG,28.619999,-21.779999,-34.680000
221089425618129,ACC,1.766975,-1.058270,10.901134
221089427617862,ACC,1.956123,-1.010384,10.939442
221089429617595,ACC,2.032739,-0.993624,10.968173
221089431617395,ACC,2.157242,-0.969681,10.999298
221089433617195,ACC,2.217098,-0.981653,10.980145
221089433015800,MAG,28.799999,-22.379999,-34.200001
221089435616928,ACC,2.226676,-0.976864,10.953807
221089437616661,ACC,2.214704,-0.991230,10.927470
221089439616394,ACC,2.114145,-1.027144,10.870008
221089441616127,ACC,2.037528,-1.046298,10.814939
221089443615860,ACC,1.704724,-1.120521,10.594666
221089443014566,MAG,28.439999,-22.320000,-34.020000
221089445615493,ACC,1.570644,-1.151646,10.510866
221089447615293,ACC,1.429382,-1.185166,10.436644
221089449615026,ACC,1.144463,-1.283331,10.266650
221089451614759,ACC,0.835602,-1.400651,10.122993
221089453614492,ACC,0.495615,-1.517970,10.017646
221089453013332,MAG,28.080000,-22.680000,-33.899998
221089455614225,ACC,0.328016,-1.585010,9.984126
221089457613958,ACC,0.000000,-1.721484,9.900327
221089459613691,ACC,-0.351958,-1.867534,9.921875
221089461613424,ACC,-0.519558,-1.927391,9.945818
221089463613224,ACC,-0.830813,-2.061471,9.943423
221089463012098,MAG,27.959999,-22.439999,-33.899998
221089465612957,ACC,-1.163618,-2.188367,9.866806
221089467612690,ACC,-1.333611,-2.248224,9.818921
221089469612423,ACC,-1.659232,-2.367938,9.749487
221089471612156,ACC,-1.939363,-2.492440,9.615408
221089473611889,ACC,-2.166819,-2.600183,9.447808
221089473010864,MAG,28.139999,-22.260000,-33.599998
221089475611589,ACC,-2.269773,-2.652857,9.368797
221089477611322,ACC,-2.420612,-2.767782,9.198804
221089479611122,ACC,-2.523566,-2.858764,9.088667
221089481610855,ACC,-2.540326,-2.901861,9.062330
221089483610588,ACC,-2.528354,-2.968901,9.052753
221089483009564,MAG,28.559999,-22.260000,-33.419998
221089485610321,ACC,-2.511594,-2.978478,9.069513
221089487610054,ACC,-2.446949,-2.990449,9.122187
221089489609787,ACC,-2.308081,-2.997632,9.148524
221089491609520,ACC,-2.219493,-3.004815,9.177256
221089493609253,ACC,-1.908237,-3.002421,9.311335
221089493008330,MAG,29.340000,-22.260000,-33.180000
221089495609053,ACC,-1.788523,-2.985661,9.364009
221089497608819,ACC,-1.652050,-2.961718,9.438231
221089499608585,ACC,-1.359948,-2.906650,9.620196
221089501608351,ACC,-1.070241,-2.849187,9.833286
221089503608117,ACC,-0.787716,-2.762993,10.005674
221089503007130,MAG,29.580000,-22.680000,-33.059998
221089505607883,ACC,-0.639271,-2.724685,10.079897
221089507607649,ACC,-0.349564,-2.650462,10.225947
221089509607482,ACC,-0.191542,-2.600183,10.283410
221089511607315,ACC,0.102954,-2.490046,10.407912
221089513607115,ACC,0.366324,-2.372726,10.503684
221089513005896,MAG,29.820000,-22.500000,-33.239998
221089515606915,ACC,0.617723,-2.312870,10.597060
221089517606715,ACC,0.737437,-2.209916,10.640158
221089519606515,ACC,0.960104,-2.109356,10.721562
221089521606315,ACC,1.180377,-2.008796,10.788602
221089523606115,ACC,1.412622,-1.948940,10.841276
221089523004729,MAG,29.939999,-22.680000,-32.939999
221089525605981,ACC,1.525153,-1.927391,10.846065
221089527605847,ACC,1.731061,-1.872323,10.870008
221089529605713,ACC,1.812466,-1.862746,10.889162
221089531605579,ACC,1.968094,-1.845986,10.910710
221089533605445,ACC,2.025557,-1.843592,10.956202
221089533003629,MAG,29.459999,-22.139999,-33.299999
221089535605345,ACC,2.020768,-1.838803,10.977750
221089537605211,ACC,1.948940,-1.853169,11.035213
221089539605077,ACC,1.802889,-1.874717,11.090281
221089541605010,ACC,1.695147,-1.879506,11.087887
221089543604876,ACC,1.252206,-1.910631,11.054367
221089543002462,MAG,29.519999,-22.020000,-33.180000
221089545604742,ACC,1.084607,-1.917814,11.035213
221089547604608,ACC,0.905036,-1.934574,11.004087
221089549604474,ACC,0.500403,-1.970488,10.960990
221089551604340,ACC,0.047885,-2.027951,10.915499
221089553604206,ACC,-0.418998,-2.097385,10.858036
221089553001362,MAG,29.459999,-21.900000,-33.480000
221089555604072,ACC,-0.646454,-2.130905,10.834093
221089557603972,ACC,-1.098972,-2.185973,10.800573
221089559603805,ACC,-1.312063,-2.209916,10.776631
221089561603638,ACC,-1.707118,-2.276955,10.728745
221089563603471,ACC,-2.027951,-2.317658,10.700014
221089563000262,MAG,29.279999,-21.660000,-33.480000
221089565603304,ACC,-2.169213,-2.343995,10.678466
221089567603137,ACC,-2.399063,-2.399063,10.632975
221089569602970,ACC,-2.604971,-2.430189,10.553964
221089571602803,ACC,-2.751022,-2.451737,10.448615
221089573602669,ACC,-2.849187,-2.533143,10.348056
221089572999162,MAG,29.340000,-21.900000,-33.360001
221089575602469,ACC,-2.861158,-2.571451,10.292988
221089577602269,ACC,-2.837216,-2.602577,10.137360
221089579602069,ACC,-2.794119,-2.628914,10.053560
221089581601869,ACC,-2.662434,-2.674405,9.890749
221089583601669,ACC,-2.473286,-2.698348,9.739910
221089582998028,MAG,29.400000,-21.840000,-33.540001
221089585601469,ACC,-2.353572,-2.719896,9.672871
221089587601269,ACC,-2.085413,-2.724685,9.562734
221089589601069,ACC,-1.795706,-2.727079,9.507666
221089591600802,ACC,-1.649655,-2.734262,9.488511
221089593600535,ACC,-1.362342,-2.707925,9.466963
221089592996894,MAG,29.219999,-22.199999,-33.480000
221089595600268,ACC,-1.048692,-2.674405,9.431048
221089597600001,ACC,-0.890670,-2.660039,9.411894
221089599599734,ACC,-0.605752,-2.609760,9.359221
221089601599467,ACC,-0.296890,-2.561874,9.318518
221089603599267,ACC,-0.011971,-2.499623,9.318518
221089602995760,MAG,28.799999,-21.840000,-33.660000
221089605599067,ACC,0.126897,-2.451737,9.323306
221089607598800,ACC,0.395055,-2.332024,9.356826
221089609598533,ACC,0.514769,-2.264984,9.402317
221089611598266,ACC,0.742225,-2.133299,9.505271
221089613597999,ACC,0.950527,-1.977671,9.624985
221089612994626,MAG,28.680000,-22.020000,-34.020000
221089615597732,ACC,1.041510,-1.896266,9.687236
221089617597465,ACC,1.225869,-1.733455,9.816526
221089619597265,ACC,1.393468,-1.546702,9.912297
221089621596998,ACC,1.522759,-1.460508,9.948212
221089623596731,ACC,1.618530,-1.211503,10.024829
221089622993426,MAG,28.559999,-22.320000,-34.020000
221089625596464,ACC,1.649655,-1.139675,10.046377
221089627596197,ACC,1.702329,-1.024750,10.118205
221089629595930,ACC,1.728666,-0.981653,10.154119
221089631595663,ACC,1.757398,-0.890670,10.211582
221089633595396,ACC,1.793312,-0.837996,10.288198
221089632992292,MAG,28.500000,-22.199999,-33.959999
221089635595196,ACC,1.812466,-0.821236,10.321719
221089637594929,ACC,1.829226,-0.782928,10.374393
221089639594662,ACC,1.824437,-0.732648,10.419884
221089641594395,ACC,1.819649,-0.703917,10.448615
221089643594128,ACC,1.812466,-0.675186,10.501289
221089642991158,MAG,28.799999,-22.500000,-33.959999
221089645593861,ACC,1.800495,-0.641666,10.522838
221089647593594,ACC,1.771763,-0.629694,10.544386
221089649593327,ACC,1.745426,-0.598569,10.570724
221089651593127,ACC,1.697541,-0.603357,10.592272
221089653592860,ACC,1.608953,-0.624906,10.594666
221089652989958,MAG,28.859999,-22.379999,-34.020000
221089655592593,ACC,1.575433,-0.632089,10.585089
221089657592326,ACC,1.446142,-0.651243,10.546781
221089659592059,ACC,1.271360,-0.699128,10.498895
221089661591792,ACC,1.166012,-0.727860,10.482135
221089663591525,ACC,0.955316,-0.816448,10.474953
221089662988824,MAG,28.320000,-22.080000,-33.840000
221089665591258,ACC,0.833208,-0.876305,10.482135
221089667591058,ACC,0.584203,-0.986441,10.563540
221089669590791,ACC,0.325621,-1.101366,10.625792
221089671590524,ACC,0.198725,-1.170800,10.652128
221089673590257,ACC,-0.136474,-1.350371,10.714379
221089672987690,MAG,27.959999,-21.660000,-33.899998
221089675589990,ACC,-0.225062,-1.403045,10.707197
221089677589723,ACC,-0.363930,-1.434171,10.692831
221089679589456,ACC,-0.402238,-1.496422,10.649734
221089681589256,ACC,-0.450124,-1.553884,10.580300
221089683589056,ACC,-0.512375,-1.596981,10.410307
221089682986556,MAG,28.019999,-21.660000,-34.139999
221089685588789,ACC,-0.536318,-1.608953,10.345661
221089687588522,ACC,-0.577020,-1.630501,10.259467
221089689588255,ACC,-0.577020,-1.649655,10.142148
221089691587988,ACC,-0.550683,-1.664021,10.079897
221089693587721,ACC,-0.426181,-1.683175,9.948212
221089692985422,MAG,28.199999,-21.900000,-33.840000
221089695587454,ACC,-0.193936,-1.738243,9.821315
221089697587254,ACC,-0.040703,-1.747821,9.775824
221089699586987,ACC,0.332804,-1.774158,9.701602
221089701586720,ACC,0.758985,-1.793312,9.706390
221089703586453,ACC,1.146858,-1.764580,9.706390
221089702984288,MAG,28.859999,-22.020000,-34.500000
221089705586186,ACC,1.304880,-1.740638,9.696813
221089707585919,ACC,1.568250,-1.659232,9.682447
221089709585652,ACC,1.661627,-1.589798,9.668081
221089711585385,ACC,1.769369,-1.434171,9.639350
221089713585185,ACC,1.812466,-1.256994,9.646533
221089712983154,MAG,28.980000,-22.500000,-34.320000
221089715584918,ACC,1.807678,-1.163618,9.656111
221089717584651,ACC,1.759792,-0.986441,9.660899
221089719584384,ACC,1.680781,-0.802082,9.668081
221089721584117,ACC,1.616135,-0.711100,9.687236
221089723583850,ACC,1.450930,-0.500403,9.799767
221089722982020,MAG,28.859999,-22.559999,-34.020000
221089725583583,ACC,1.383891,-0.435758,9.850046
221089727583316,ACC,1.302485,-0.368718,9.900327
221089729583116,ACC,1.166012,-0.244216,10.020041
221089731582849,ACC,1.041510,-0.117319,10.144543
221089733582582,ACC,0.893064,0.007183,10.297776
221089732980820,MAG,28.619999,-22.379999,-34.020000
221089735582315,ACC,0.833208,0.062251,10.371999
221089737582048,ACC,0.744619,0.169994,10.551569
221089739581781,ACC,0.658426,0.270553,10.721562
221089741581514,ACC,0.624906,0.308861,10.814939
221089743581247,ACC,0.560260,0.380690,11.006481
221089742979686,MAG,28.199999,-22.260000,-33.599998
221089745581047,ACC,0.514769,0.447729,11.145350
221089747580780,ACC,0.488432,0.466884,11.202812
221089749580513,ACC,0.481249,0.483644,11.303371
221089751580246,ACC,0.476461,0.486038,11.396749
221089753579979,ACC,0.440547,0.462095,11.506885
221089752978552,MAG,28.320000,-22.260000,-34.079998
221089755579712,ACC,0.418998,0.450124,11.561953
221089757579445,ACC,0.387873,0.404632,11.679273
221089759579245,ACC,0.359141,0.392661,11.724764
221089761579045,ACC,0.282524,0.361535,11.791803
221089763578778,ACC,0.179571,0.306467,11.894757
221089762977352,MAG,28.199999,-22.439999,-34.139999
221089765578511,ACC,0.112531,0.287313,11.909122
221089767578244,ACC,-0.021548,0.265765,11.892363
221089769577977,ACC,-0.131685,0.275342,11.822929
221089771577710,ACC,-0.189148,0.265765,11.767860
221089773577443,ACC,-0.325621,0.272947,11.533222
221089772976218,MAG,28.199999,-22.680000,-34.139999
221089775577243,ACC,-0.354353,0.263370,11.435057
221089777577043,ACC,-0.363930,0.251399,11.317737
221089779576776,ACC,-0.347170,0.227456,11.032818
221089781576509,ACC,-0.234639,0.177176,10.788602
221089783576242,ACC,-0.088588,0.114925,10.513261
221089782975084,MAG,28.320000,-22.799999,-34.439999
221089785575975,ACC,0.009577,0.090982,10.374393
221089787575708,ACC,0.251399,0.035914,10.075109
221089789575441,ACC,0.495615,0.011971,9.857229
221089791575241,ACC,0.615329,0.009577,9.775824
221089793574974,ACC,0.830813,0.033520,9.644139
221089792973884,MAG,28.199999,-22.439999,-34.200001
221089795574707,ACC,1.046298,0.079011,9.541185
221089797574440,ACC,1.151646,0.119714,9.505271
221089799574173,ACC,1.328822,0.208302,9.433443
221089801573906,ACC,1.462902,0.320833,9.366403
221089803573639,ACC,1.515576,0.447729,9.311335
221089802972717,MAG,28.260000,-22.439999,-34.559998
221089805573372,ACC,1.517970,0.500403,9.289786
221089807573172,ACC,1.513182,0.605752,9.239507
221089809572905,ACC,1.484450,0.646454,9.208381
221089811572638,ACC,1.383891,0.718282,9.148524
221089813572371,ACC,1.283331,0.747014,9.076695
221089812971517,MAG,28.199999,-22.139999,-34.739998
221089815572104,ACC,1.221080,0.761379,9.062330
221089817571837,ACC,1.091789,0.778139,9.055147
221089819571570,ACC,0.940950,0.754197,9.045570
221089821571303,ACC,0.876305,0.735042,9.069513
221089823571103,ACC,0.615329,0.634483,9.198804
221089822970317,MAG,28.019999,-21.719999,-34.680000
221089825570836,ACC,0.526740,0.579414,9.253872
221089827570569,ACC,0.433364,0.524346,9.323306
221089829570302,ACC,0.258582,0.402238,9.495694
221089831570035,ACC,0.090982,0.280130,9.703996
221089833569768,ACC,-0.059857,0.143656,9.883567
221089832969050,MAG,27.959999,-21.719999,-35.040001
221089835569501,ACC,-0.126897,0.086194,9.972155
221089837569234,ACC,-0.265765,-0.016760,10.115811
221089839569034,ACC,-0.349564,-0.088588,10.271439
221089841568767,ACC,-0.380690,-0.110137,10.345661
221089843568500,ACC,-0.397450,-0.129291,10.460587
221089842967783,MAG,27.900000,-21.600000,-34.799999
221089845568233,ACC,-0.383084,-0.138868,10.525232
221089847567966,ACC,-0.366324,-0.126897,10.561146
221089849567699,ACC,-0.323227,-0.093377,10.609032
221089851567432,ACC,-0.249005,-0.016760,10.683254
221089853567232,ACC,-0.189148,0.059857,10.776631
221089852966516,MAG,28.080000,-21.299999,-35.219997
221089855567032,ACC,-0.167599,0.112531,10.822123
221089857566765,ACC,-0.110137,0.253793,10.886767
221089859566498,ACC,-0.095771,0.339987,10.905922
221089861566231,ACC,-0.023943,0.488432,10.937047
221089863565964,ACC,0.079011,0.622511,10.975356
221089862965249,MAG,28.199999,-21.180000,-35.459999
221089865565697,ACC,0.148445,0.679974,10.972961
221089867565430,ACC,0.292102,0.797293,10.949018
221089869565230,ACC,0.445335,0.866727,10.934653
221089871564963,ACC,0.536318,0.900247,10.915499
221089873564696,ACC,0.828419,0.952921,10.805362
221089872963915,MAG,28.320000,-21.180000,-35.099998
221089875564429,ACC,0.907430,0.964893,10.757477
221089877564162,ACC,0.979258,0.967287,10.697619
221089879563895,ACC,1.082212,0.955316,10.592272
221089881563628,ACC,1.168406,0.902642,10.460587
221089883563361,ACC,1.189955,0.830813,10.295382
221089882962648,MAG,28.260000,-20.939999,-35.219997
221089885563161,ACC,1.185166,0.797293,10.221159
221089887562894,ACC,1.177983,0.720677,10.046377
221089889562627,ACC,1.161223,0.689551,9.955395
221089891562360,ACC,1.101366,0.644060,9.790190
221089893562093,ACC,1.039115,0.605752,9.675264
221089892961381,MAG,27.959999,-21.420000,-34.799999
221089895561826,ACC,1.012778,0.588992,9.567522
221089897561559,ACC,1.012778,0.567443,9.519637
221089899561292,ACC,1.029538,0.548289,9.402317
221089901561092,ACC,1.048692,0.553077,9.253872
221089903560858,ACC,1.096578,0.577020,9.115005
221089902960081,MAG,27.900000,-21.840000,-34.200001
221089905560624,ACC,1.127703,0.591386,9.040782
221089907560390,ACC,1.194743,0.627300,8.925857
221089909560156,ACC,1.252206,0.665608,8.865999
221089911559922,ACC,1.343188,0.761379,8.779806
221089913559688,ACC,1.431776,0.861939,8.698400
221089912958847,MAG,27.779999,-21.779999,-33.959999
221089915559454,ACC,1.474873,0.909824,8.674458
221089917559287,ACC,1.561067,1.012778,8.583475
221089919559053,ACC,1.625713,1.127703,8.514041
221089921558819,ACC,1.618530,1.199532,8.487704
221089923558585,ACC,1.589798,1.333611,8.444607
221089922957613,MAG,27.660000,-21.719999,-33.779999
221089925558351,ACC,1.529942,1.477268,8.432636
221089927558117,ACC,1.496422,1.549096,8.427847
221089929557883,ACC,1.393468,1.699935,8.444607
221089931557716,ACC,1.314457,1.836409,8.530801
221089933557549,ACC,1.242629,1.948940,8.640938
221089932956379,MAG,27.900000,-21.480000,-33.719997
221089935557315,ACC,1.199532,1.989642,8.715160
221089937557081,ACC,1.149252,2.092596,8.870789
221089939556847,ACC,1.132492,2.140482,8.930645
221089941556613,ACC,1.108549,2.214704,9.040782
221089943556379,ACC,1.115732,2.300898,9.134158
221089942955145,MAG,27.959999,-21.059999,-34.020000
221089945556145,ACC,1.115732,2.334418,9.150918
221089947555978,ACC,1.118126,2.363149,9.182044
221089949555744,ACC,1.077424,2.394275,9.220352
221089951555510,ACC,1.041510,2.401458,9.318518
221089953555276,ACC,0.984047,2.384698,9.459780
221089952953911,MAG,28.139999,-21.059999,-34.380001
221089955555042,ACC,0.964893,2.343995,9.514848
221089957554808,ACC,0.945739,2.217098,9.605830
221089959554574,ACC,0.960104,2.147665,9.646533
221089961554340,ACC,0.972076,1.970488,9.792584
221089963554140,ACC,1.019961,1.762186,9.941029
221089962952677,MAG,28.500000,-21.240000,-34.380001
221089965553873,ACC,1.051087,1.673598,10.029617
221089967553606,ACC,1.110944,1.477268,10.190034
221089969553339,ACC,1.163618,1.295303,10.338479
221089971553072,ACC,1.187560,1.221080,10.388759
221089973552805,ACC,1.264177,1.132492,10.451010
221089972951443,MAG,28.859999,-20.459999,-34.200001
221089975552538,ACC,1.336005,1.039115,10.419884
221089977552271,ACC,1.362342,0.996018,10.357633
221089979552071,ACC,1.424594,0.957710,10.209188
221089981551804,ACC,1.479662,0.933767,9.976943
221089983551537,ACC,1.529942,0.914613,9.718362
221089982950143,MAG,29.160000,-20.340000,-34.259998
221089985551270,ACC,1.549096,0.912219,9.581888
221089987551003,ACC,1.601770,0.914613,9.316123
221089989550736,ACC,1.628107,0.921796,9.196409
221089991550469,ACC,1.661627,0.936161,8.985713
221089993550202,ACC,1.675992,0.972076,8.779806
221089992948909,MAG,29.039999,-19.859999,-34.320000
221089995550002,ACC,1.668810,0.991230,8.696006
221089997549735,ACC,1.620924,1.060664,8.547561
221089999549468,ACC,1.501210,1.130098,8.427847
221090001549201,ACC,1.415016,1.168406,8.379962
221090003548934,ACC,1.139675,1.324034,8.281796
221090002947675,MAG,29.580000,-19.199999,-34.559998
221090005548667,ACC,1.041510,1.374314,8.272220
221090007548400,ACC,0.799688,1.426988,8.284191
221090009548200,ACC,0.682368,1.546702,8.298556
221090011548000,ACC,0.474066,1.704724,8.351231
221090013547733,ACC,0.268159,1.848380,8.427847
221090012946375,MAG,29.340000,-19.559999,-34.559998
221090015547466,ACC,0.167599,1.908237,8.463761
221090017547199,ACC,-0.011971,2.032739,8.557138
221090019546932,ACC,-0.160416,2.150059,8.645726
221090021546665,ACC,-0.229850,2.207521,8.700794
221090023546398,ACC,-0.339987,2.308081,8.834874
221090022945141,MAG,29.219999,-19.439999,-34.619999
221090025546198,ACC,-0.402238,2.403852,9.009656
221090027545998,ACC,-0.421392,2.434978,9.115005
221090029545731,ACC,-0.469278,2.466103,9.337671
221090031545464,ACC,-0.483644,2.490046,9.557945
221090033545197,ACC,-0.452518,2.511594,9.775824
221090032943907,MAG,29.580000,-19.199999,-34.919998
221090035544930,ACC,-0.416604,2.525960,9.862018
221090037544663,ACC,-0.306467,2.583422,10.024829
221090039544396,ACC,-0.220273,2.604971,10.084685
221090041544196,ACC,-0.002394,2.652857,10.190034
221090043543929,ACC,0.282524,2.688771,10.245102
221090042942607,MAG,29.279999,-19.020000,-35.160000
221090045543662,ACC,0.464489,2.693559,10.242707
221090047543395,ACC,0.866727,2.705531,10.261862
221090049543128,ACC,1.309668,2.755810,10.254679
221090051542861,ACC,1.534730,2.796513,10.247497
221090053542594,ACC,2.200339,2.906650,10.249890
221090052941373,MAG,29.519999,-18.420000,-35.579998
221090055542327,ACC,2.413429,2.956929,10.225947
221090057542127,ACC,2.820456,3.019181,10.204399
221090059541860,ACC,2.988055,3.143683,10.173274
221090061541593,ACC,3.275368,3.258608,10.168485
221090063541326,ACC,3.524373,3.373533,10.185245
221090062940139,MAG,29.340000,-18.299999,-35.759998
221090065541059,ACC,3.620143,3.433390,10.206794
221090067540792,ACC,3.735069,3.557892,10.254679
221090069540525,ACC,3.821263,3.675212,10.336084
221090071540258,ACC,3.864360,3.737463,10.386364
221090073540058,ACC,3.943371,3.864360,10.506078
221090072938905,MAG,29.340000,-18.180000,-35.700001
221090075539791,ACC,3.988862,3.979285,10.606637
221090077539524,ACC,4.015199,4.010410,10.647340
221090079539257,ACC,4.029564,4.058296,10.683254
221090081538990,ACC,4.031959,4.070267,10.628186
221090083538723,ACC,3.979285,4.019988,10.498895
221090082937671,MAG,29.160000,-18.240000,-35.520000
221090085538456,ACC,3.936188,3.981679,10.451010
221090087538189,ACC,3.785348,3.885908,10.357633
221090089537989,ACC,3.684789,3.828445,10.338479
221090091537722,ACC,3.419024,3.732674,10.343267
221090093537455,ACC,3.129317,3.648875,10.422278
221090092936437,MAG,28.740000,-18.420000,-35.099998
221090095537188,ACC,2.973689,3.596201,10.494106
221090097536921,ACC,2.626519,3.490853,10.668888
221090099536654,ACC,2.291321,3.419024,10.858036
221090101536387,ACC,2.133299,3.378322,10.951413
221090103536187,ACC,1.687964,3.275368,11.190841
221090102935203,MAG,29.099998,-18.059999,-35.219997
221090105535987,ACC,1.556279,3.249031,11.255486
221090107535720,ACC,1.436565,3.225088,11.315343
221090109535453,ACC,1.254600,3.181991,11.427874
221090111535186,ACC,1.110944,3.138894,11.571530
221090113534919,ACC,1.022355,3.107769,11.691244
221090112933969,MAG,28.500000,-17.760000,-35.399998
221090115534652,ACC,0.996018,3.088614,11.724764
221090117534385,ACC,0.979258,3.047912,11.734341
221090119534185,ACC,0.998413,3.014392,11.739129
221090121533918,ACC,1.010384,3.014392,11.741524
221090123533651,ACC,1.063058,3.016786,11.645753
221090122932669,MAG,28.500000,-17.219999,-35.939999
221090125533384,ACC,1.149252,3.019181,11.442240
221090127533117,ACC,1.199532,3.028758,11.336891
221090129532850,ACC,1.297697,3.086220,11.154926
221090131532583,ACC,1.405439,3.141289,10.992116
221090133532316,ACC,1.503605,3.196357,10.860431
221090132931435,MAG,28.859999,-16.859999,-36.540001
221090135532116,ACC,1.563461,3.227483,10.819728
221090137531849,ACC,1.704724,3.308888,10.752688
221090139531582,ACC,1.867534,3.359168,10.666494
221090141531315,ACC,1.980065,3.378322,10.618608
221090143531048,ACC,2.193156,3.390293,10.539598
221090142930201,MAG,28.980000,-16.139999,-36.719997
221090145530781,ACC,2.288927,3.392687,10.508472
221090147530514,ACC,2.437372,3.378322,10.486923
221090149530247,ACC,2.513988,3.356773,10.477346
221090151530047,ACC,2.521171,3.361562,10.484529
221090153529780,ACC,2.434978,3.332830,10.501289
221090152928901,MAG,29.400000,-15.599999,-37.139999
221090155529513,ACC,2.384698,3.306494,10.494106
221090157529246,ACC,2.336812,3.268185,10.465375
221090159528979,ACC,2.233858,3.160443,10.374393
221090161528712,ACC,2.142876,3.023969,10.259467
221090163528445,ACC,2.073442,2.882707,10.156514
221090162927667,MAG,29.400000,-15.540000,-37.259998
221090165528178,ACC,2.061471,2.803696,10.101445
221090167527978,ACC,2.042316,2.648068,9.979338
221090169527711,ACC,2.037528,2.585817,9.835681
221090171527444,ACC,2.035134,2.456526,9.768641
221090173527177,ACC,2.039922,2.327235,9.651321
221090172926433,MAG,29.039999,-15.179999,-37.680000
221090175526910,ACC,2.063865,2.197944,9.512454
221090177526643,ACC,2.085413,2.135693,9.433443
221090179526376,ACC,2.142876,1.980065,9.232324
221090181526176,ACC,2.243435,1.800495,9.016839
221090183525976,ACC,2.360755,1.594587,8.791777
221090182925199,MAG,28.799999,-15.299999,-37.320000
221090185525709,ACC,2.420612,1.496422,8.676852
221090187525442,ACC,2.561874,1.261783,8.497281
221090189525175,ACC,2.619337,1.163618,8.430242
221090191524908,ACC,2.731868,0.988836,8.346442
221090193524641,ACC,2.786936,0.873910,8.303345
221090192923965,MAG,29.039999,-15.179999,-37.020000
221090195524374,ACC,2.786936,0.847573,8.320105
221090197524174,ACC,2.765387,0.826025,8.408693
221090199523907,ACC,2.693559,0.869122,8.518829
221090201523640,ACC,2.624125,0.931373,8.593052
221090203523373,ACC,2.343995,1.237840,8.882759
221090202922698,MAG,29.219999,-15.120000,-37.139999
221090205523106,ACC,2.250618,1.369525,8.988108
221090207522839,ACC,2.154847,1.513182,9.088667
221090209522572,ACC,2.004008,1.848380,9.273026
221090211522305,ACC,1.889083,2.193156,9.426260
221090213522105,ACC,1.807678,2.504411,9.601042
221090212921431,MAG,29.699999,-15.059999,-36.719997
221090215521838,ACC,1.776552,2.657645,9.680053
221090217521571,ACC,1.723878,2.921015,9.864412
221090219521304,ACC,1.699935,3.033546,9.974549
221090221521037,ACC,1.685570,3.229877,10.221159
221090223520770,ACC,1.654444,3.392687,10.448615
221090222920164,MAG,30.000000,-14.700000,-37.139999
221090225520503,ACC,1.652050,3.462121,10.673677
221090227520236,ACC,1.640078,3.596201,10.798180
221090229520036,ACC,1.632895,3.703943,11.049579
221090231519769,ACC,1.623318,3.778166,11.272245
221090233519502,ACC,1.601770,3.849994,11.432662
221090232918830,MAG,29.879999,-14.580000,-37.079998
221090235519235,ACC,1.573039,3.871542,11.485336
221090237518968,ACC,1.551490,3.878725,11.535616
221090239518701,ACC,1.537124,3.857177,11.523644
221090241518434,ACC,1.503605,3.785348,11.454210
221090243518167,ACC,1.460508,3.682395,11.322526
221090242917563,MAG,30.059999,-14.340000,-36.959999
221090245517967,ACC,1.417411,3.615355,11.250697
221090247517700,ACC,1.350371,3.452544,11.123801
221090249517433,ACC,1.314457,3.280156,10.992116
221090251517166,ACC,1.300091,3.179597,10.934653
221090253516899,ACC,1.276148,2.971295,10.826911
221090252916296,MAG,30.179998,-14.160000,-37.439999
221090255516632,ACC,1.273754,2.770176,10.690437
221090257516365,ACC,1.266571,2.655251,10.618608
221090259516165,ACC,1.237840,2.406246,10.439038
221090261515965,ACC,1.223474,2.171607,10.211582
221090263515698,ACC,1.218686,1.946545,9.938635
221090262914962,MAG,29.400000,-14.340000,-37.259998
221090265515431,ACC,1.223474,1.829226,9.771035
221090267515164,ACC,1.240234,1.565856,9.366403
221090269514897,ACC,1.261783,1.443748,9.160496
221090271514630,ACC,1.312063,1.199532,8.741497
221090273514363,ACC,1.379102,0.972076,8.356019
221090272913695,MAG,29.459999,-14.520000,-37.380001
221090275514163,ACC,1.415016,0.864333,8.181237
221090277513963,ACC,1.482056,0.660820,7.889135
221090279513696,ACC,1.501210,0.426181,7.683228
221090281513429,ACC,1.498816,0.325621,7.558725
221090283513162,ACC,1.462902,0.021548,7.429435
221090282912428,MAG,29.639999,-14.460000,-37.259998
221090285512895,ACC,1.422199,-0.064645,7.357606
221090287512628,ACC,1.314457,-0.208302,7.204373
221090289512361,ACC,1.235446,-0.256187,7.137333
221090291512161,ACC,1.067847,-0.292102,7.017620
221090293511894,ACC,0.917007,-0.222668,6.854809
221090292911094,MAG,29.219999,-14.280000,-37.139999
221090295511627,ACC,0.854756,-0.155628,6.759038
221090297511360,ACC,0.794899,0.014366,6.615381
221090299511093,ACC,0.830813,0.246610,6.486091
221090301510826,ACC,0.833208,0.383084,6.431022
221090303510559,ACC,0.888276,0.665608,6.414262
221090302909827,MAG,29.459999,-14.040000,-37.259998
221090305510292,ACC,0.888276,0.964893,6.500456
221090307510092,ACC,0.883487,1.125309,6.589044
221090309509858,ACC,0.830813,1.465296,6.852415
221090311509624,ACC,0.718282,1.834015,7.197190
221090313509390,ACC,0.533923,2.200339,7.642525
221090312908593,MAG,29.279999,-13.860000,-37.799999
221090315509156,ACC,0.440547,2.384698,7.867587
221090317508922,ACC,0.196331,2.734262,8.303345
221090319508688,ACC,-0.086194,3.057489,8.672064
221090321508454,ACC,-0.210696,3.213117,8.825297
221090323508287,ACC,-0.454912,3.507613,9.100638
221090322907359,MAG,28.920000,-13.740000,-37.980000
221090325508053,ACC,-0.562655,3.622538,9.229929
221090327507819,ACC,-0.766168,3.833234,9.481328
221090329507585,ACC,-0.962498,4.036747,9.730332
221090331507351,ACC,-1.177983,4.125336,9.850046
221090333507117,ACC,-1.403045,4.348003,10.213976
221090332906125,MAG,29.099998,-13.559999,-38.160000
221090335506883,ACC,-1.527547,4.405466,10.336084
221090337506649,ACC,-1.740638,4.534757,10.539598
221090339506482,ACC,-1.853169,4.589825,10.618608
221090341506248,ACC,-2.092596,4.697567,10.738322
221090343506014,ACC,-2.351178,4.783761,10.819728
221090342904891,MAG,29.459999,-13.139999,-38.700001
221090345505780,ACC,-2.482863,4.838830,10.841276
221090347505546,ACC,-2.753416,4.913052,10.860431
221090349505312,ACC,-3.016786,4.989669,10.836488
221090351505078,ACC,-3.129317,5.027977,10.795785
221090353504911,ACC,-3.332830,5.071074,10.690437
221090352903657,MAG,29.459999,-12.420000,-38.279999
221090355504744,ACC,-3.498035,5.114171,10.532414
221090357504510,ACC,-3.565075,5.126143,10.441432
221090359504276,ACC,-3.668029,5.152479,10.242707
221090361504042,ACC,-3.725492,5.181211,10.015251
221090363503808,ACC,-3.727886,5.195576,9.768641
221090362902423,MAG,29.639999,-11.880000,-39.059998
221090365503574,ACC,-3.701549,5.197970,9.648928
221090367503340,ACC,-3.620143,5.233885,9.440625
221090369503140,ACC,-3.557892,5.255433,9.368797
221090371502873,ACC,-3.433390,5.269799,9.282603
221090373502606,ACC,-3.272974,5.284164,9.251478
221090372901123,MAG,29.340000,-11.700000,-39.299999
221090375502339,ACC,-3.174809,5.272193,9.237112
221090377502072,ACC,-2.954535,5.226702,9.205987
221090379501805,ACC,-2.715108,5.169240,9.194016
221090381501538,ACC,-2.602577,5.138114,9.182044
221090383501271,ACC,-2.248224,5.032766,9.177256
221090382899889,MAG,29.340000,-11.340000,-39.299999
221090385501071,ACC,-2.135693,4.984880,9.170073
221090387500804,ACC,-1.927391,4.927418,9.153313
221090389500537,ACC,-1.845986,4.836435,9.126976
221090391500270,ACC,-1.714301,4.711933,9.040782
221090393500003,ACC,-1.596981,4.580248,8.956982
221090392898655,MAG,29.160000,-11.219999,-39.779999
221090395499736,ACC,-1.537124,4.515602,8.911490
221090397499469,ACC,-1.491633,4.391100,8.849239
221090399499202,ACC,-1.474873,4.276175,8.861211
221090401499002,ACC,-1.474873,4.213923,8.904308
221090403498735,ACC,-1.520365,4.079844,9.012051
221090402897355,MAG,28.980000,-10.800000,-39.119999
221090405498468,ACC,-1.656838,3.955342,9.179649
221090407498201,ACC,-1.738243,3.881119,9.270632
221090409497934,ACC,-1.939363,3.744646,9.445415
221090411497667,ACC,-2.205127,3.629721,9.577099
221090413497400,ACC,-2.475680,3.586624,9.653716
221090412896121,MAG,29.039999,-10.440000,-39.299999
221090415497133,ACC,-2.633702,3.569864,9.692024
221090417496933,ACC,-2.918621,3.577047,9.706390
221090419496666,ACC,-3.045517,3.596201,9.718362
221090421496399,ACC,-3.268185,3.677606,9.751882
221090423496132,ACC,-3.493247,3.809291,9.852441
221090422894887,MAG,28.859999,-10.260000,-39.360001
221090425495865,ACC,-3.586624,3.873937,9.948212
221090427495598,ACC,-3.802108,4.031959,10.216371
221090429495331,ACC,-4.010410,4.211529,10.546781
221090431495131,ACC,-4.110970,4.304906,10.726351
221090433494931,ACC,-4.419831,4.587430,11.190841
221090432893653,MAG,29.039999,-9.660000,-39.419998
221090435494664,ACC,-4.506025,4.685596,11.320131
221090437494397,ACC,-4.577853,4.781367,11.425479
221090439494130,ACC,-4.661653,4.970514,11.585896
221090441493863,ACC,-4.628133,5.157268,11.688849
221090443493596,ACC,-4.522785,5.320079,11.758284
221090442892419,MAG,29.099998,-9.240000,-39.540001
221090445493329,ACC,-4.441380,5.403878,11.789409
221090447493129,ACC,-4.235472,5.557112,11.808563
221090449492929,ACC,-3.972102,5.686403,11.810958
221090451492662,ACC,-3.835628,5.746260,11.808563
221090453492395,ACC,-3.536344,5.877944,11.784620
221090452891185,MAG,29.459999,-8.580000,-39.899998
221090455492128,ACC,-3.225088,5.988081,11.801380
221090457491861,ACC,-3.050306,6.026390,11.827718
221090459491594,ACC,-2.705531,6.091035,11.875603
221090461491327,ACC,-2.348783,6.150892,11.921094
221090463491127,ACC,-2.037528,6.146103,11.921094
221090462889951,MAG,29.580000,-8.220000,-39.959999
221090465490860,ACC,-1.898660,6.134132,11.901940
221090467490593,ACC,-1.644867,6.105401,11.846871
221090469490326,ACC,-1.515576,6.088641,11.813352
221090471490059,ACC,-1.297697,6.028784,11.746312
221090473489792,ACC,-1.115732,5.964139,11.645753
221090472888717,MAG,29.699999,-8.160000,-40.020000
221090475489525,ACC,-1.039115,5.933013,11.573924
221090477489258,ACC,-0.943344,5.880339,11.461393
221090479489058,ACC,-0.919402,5.801328,11.356046
221090481488791,ACC,-0.940950,5.751048,11.298583
221090483488524,ACC,-1.115732,5.585843,11.123801
221090482887417,MAG,29.699999,-7.920000,-40.320000
221090485488257,ACC,-1.213897,5.528380,11.042396
221090487487990,ACC,-1.309668,5.473312,10.951413
221090489487723,ACC,-1.544307,5.363175,10.769448
221090491487456,ACC,-1.822043,5.238673,10.601849
221090493487189,ACC,-2.106962,5.142902,10.506078
221090492886183,MAG,29.939999,-7.620000,-39.480000
221090495486989,ACC,-2.241041,5.083045,10.486923
221090497486722,ACC,-2.530748,4.960938,10.431855
221090499486455,ACC,-2.825244,4.817281,10.386364
221090501486188,ACC,-2.968901,4.733481,10.367210
221090503485921,ACC,-3.258608,4.527574,10.304958
221090502884949,MAG,30.179998,-6.960000,-39.419998
221090505485654,ACC,-3.524373,4.302512,10.192428
221090507485387,ACC,-3.651269,4.189981,10.137360
221090509485120,ACC,-3.888302,3.972102,10.012857
221090511484920,ACC,-4.055902,3.780560,9.921875
221090513484653,ACC,-4.173221,3.620143,9.847652
221090512883649,MAG,30.539999,-7.080000,-39.059998
221090515484386,ACC,-4.230684,3.553104,9.802161
221090517484119,ACC,-4.297723,3.421419,9.699207
221090519483852,ACC,-4.319272,3.366350,9.658504
221090521483585,ACC,-4.326455,3.272974,9.565128
221090523483318,ACC,-4.316877,3.198751,9.502876
221090522882415,MAG,30.840000,-7.260000,-38.879997
221090525483118,ACC,-4.307301,3.160443,9.495694
221090527482918,ACC,-4.290541,3.102980,9.478934
221090529482651,ACC,-4.314483,3.035940,9.483723
221090531482384,ACC,-4.321666,3.004815,9.488511
221090533482117,ACC,-4.359974,2.935381,9.483723
221090532881181,MAG,31.019999,-7.620000,-39.239998
221090535481850,ACC,-4.379128,2.921015,9.464568
221090537481583,ACC,-4.400677,2.906650,9.443020
221090539481316,ACC,-4.446168,2.916227,9.399923
221090541481116,ACC,-4.479688,2.942564,9.354432
221090543480882,ACC,-4.486871,2.988055,9.313729
221090542879914,MAG,30.959999,-8.040000,-39.059998
221090545480648,ACC,-4.479688,3.026363,9.294575
221090547480414,ACC,-4.446168,3.114952,9.282603
221090549480180,ACC,-4.362369,3.167626,9.275420
221090551479946,ACC,-4.304906,3.287339,9.270632
221090553479712,ACC,-4.168432,3.409447,9.229929
221090552878714,MAG,30.900000,-8.220000,-39.119999
221090555479478,ACC,-4.036747,3.524373,9.143736
221090557479311,ACC,-3.950553,3.581835,9.095850
221090559479177,ACC,-3.768589,3.689578,9.026416
221090561479043,ACC,-3.586624,3.773377,8.976136
221090563478909,ACC,-3.423813,3.833234,8.959376
221090562877614,MAG,30.840000,-8.460000,-39.059998
221090565478775,ACC,-3.344802,3.861965,8.964165
221090567478641,ACC,-3.213117,3.888302,8.980925
221090569478507,ACC,-3.172414,3.885908,8.992896
221090571478373,ACC,-3.124529,3.847600,9.062330
221090573478306,ACC,-3.091009,3.780560,9.129370
221090572876514,MAG,30.660000,-8.820000,-39.119999
221090575478239,ACC,-3.076643,3.747040,9.172467
221090577478172,ACC,-3.031152,3.682395,9.256267
221090579478105,ACC,-2.988055,3.629721,9.328094
221090581478038,ACC,-2.968901,3.610566,9.359221
221090583477971,ACC,-2.863553,3.545921,9.399923
221090582875480,MAG,31.320000,-8.940000,-39.239998
221090585477904,ACC,-2.827639,3.531555,9.392740
221090587477837,ACC,-2.779753,3.529161,9.383162
221090589477837,ACC,-2.676799,3.541132,9.342461
221090591477803,ACC,-2.588211,3.536344,9.308941
221090593477769,ACC,-2.497229,3.517190,9.244295
221090592874480,MAG,31.320000,-9.120000,-39.480000
221090595477735,ACC,-2.449343,3.495641,9.217958
221090597477701,ACC,-2.377515,3.421419,9.148524
221090599477667,ACC,-2.343995,3.366350,9.105427
221090601477633,ACC,-2.281744,3.229877,9.055147
221090603477633,ACC,-2.241041,3.098191,9.100638
221090602873480,MAG,31.199999,-9.300000,-39.419998
221090605477633,ACC,-2.243435,3.055095,9.208381
221090607477599,ACC,-2.238647,2.928198,9.237112
221090609477565,ACC,-2.255407,2.808484,9.277815
221090611477531,ACC,-2.308081,2.683982,9.299363
221090613477497,ACC,-2.394275,2.593000,9.268238
221090612872480,MAG,31.559999,-9.660000,-39.360001
221090615477463,ACC,-2.434978,2.564268,9.261055
221090617477429,ACC,-2.552297,2.528354,9.232324
221090619477362,ACC,-2.712713,2.502017,9.229929
221090621477295,ACC,-2.784542,2.506806,9.203592
221090623477228,ACC,-2.918621,2.502017,9.165284
221090622871480,MAG,30.959999,-10.260000,-39.299999
221090625477161,ACC,-2.980872,2.494834,9.146130
221090627477094,ACC,-3.098191,2.480469,9.148524
221090629477027,ACC,-3.222694,2.482863,9.205987
221090631476960,ACC,-3.282551,2.478074,9.241900
221090633476893,ACC,-3.483670,2.470892,9.337671
221090632870546,MAG,30.840000,-10.320000,-39.059998
221090635476826,ACC,-3.538738,2.475680,9.411894
221090637476692,ACC,-3.600989,2.470892,9.443020
221090639476558,ACC,-3.718309,2.456526,9.481328
221090641476424,ACC,-3.835628,2.432583,9.445415
221090643476290,ACC,-3.905062,2.403852,9.349643
221090642869612,MAG,30.900000,-10.380000,-39.299999
221090645476156,ACC,-3.926611,2.377515,9.294575
221090647476022,ACC,-3.950553,2.303292,9.148524
221090649475888,ACC,-3.940976,2.257801,9.076695
221090651475788,ACC,-3.907456,2.171607,8.952193
221090653475621,ACC,-3.869148,2.049499,8.882759
221090652868612,MAG,30.660000,-10.440000,-39.360001
221090655475454,ACC,-3.847600,1.989642,8.897125
221090657475287,ACC,-3.794926,1.860352,8.949800
221090659475120,ACC,-3.785348,1.716695,9.071907
221090661474953,ACC,-3.787743,1.652050,9.215564
221090663474786,ACC,-3.804503,1.472479,9.366403
221090662867678,MAG,30.779999,-10.620000,-39.480000
221090665474619,ACC,-3.828445,1.431776,9.440625
221090667474485,ACC,-3.864360,1.336005,9.565128
221090669474285,ACC,-3.873937,1.300091,9.622590
221090671474085,ACC,-3.878725,1.233052,9.725544
221090673473885,ACC,-3.893091,1.199532,9.792584
221090672866744,MAG,30.599998,-11.040000,-39.480000
221090675473685,ACC,-3.890697,1.185166,9.828498
221090677473485,ACC,-3.878725,1.177983,9.876384
221090679473285,ACC,-3.847600,1.211503,9.857229
221090681473085,ACC,-3.818868,1.233052,9.833286
221090683472885,ACC,-3.742252,1.268966,9.778218
221090682865810,MAG,30.779999,-11.460000,-39.059998
221090685472618,ACC,-3.627326,1.290514,9.694419
221090687472351,ACC,-3.562681,1.292908,9.648928
221090689472084,ACC,-3.411842,1.283331,9.545974
221090691471817,ACC,-3.191568,1.254600,9.423865
221090693471550,ACC,-2.956929,1.230657,9.328094
221090692864876,MAG,30.779999,-11.639999,-38.759998
221090695471283,ACC,-2.827639,1.209109,9.296969
221090697471083,ACC,-2.581028,1.175589,9.241900
221090699470883,ACC,-2.478074,1.146858,9.227535
221090701470616,ACC,-2.274561,1.101366,9.237112
221090703470349,ACC,-2.116539,1.058270,9.265843
221090702863942,MAG,30.779999,-11.759999,-38.459999
221090705470082,ACC,-2.054288,1.048692,9.287392
221090707469815,ACC,-1.927391,1.027144,9.342461
221090709469548,ACC,-1.862746,1.029538,9.397529
221090711469281,ACC,-1.807678,1.024750,9.414289
221090713469081,ACC,-1.774158,1.019961,9.466963
221090712863008,MAG,30.660000,-12.059999,-38.520000
221090715468814,ACC,-1.766975,1.034327,9.481328
221090717468547,ACC,-1.755003,1.041510,9.471751
221090719468280,ACC,-1.745426,1.079818,9.452597
221090721468013,ACC,-1.743032,1.082212,9.443020
221090723467746,ACC,-1.743032,1.094184,9.431048
221090722862074,MAG,30.359999,-12.059999,-38.520000
221090725467479,ACC,-1.752609,1.087001,9.428655
221090727467212,ACC,-1.786129,1.082212,9.421472
221090729467012,ACC,-1.850774,1.039115,9.443020
221090731466745,ACC,-1.884294,1.003201,9.471751
221090733466478,ACC,-1.970488,0.909824,9.560339
221090732861074,MAG,30.359999,-12.240000,-38.700001
221090735466211,ACC,-2.037528,0.794899,9.668081
221090737465944,ACC,-2.080625,0.723071,9.713573
221090739465677,ACC,-2.140482,0.574626,9.816526
221090741465410,ACC,-2.193156,0.445335,9.936240
221090743465143,ACC,-2.195550,0.275342,10.051166
221090742860140,MAG,30.299999,-12.300000,-39.000000
221090745464943,ACC,-2.193156,0.186753,10.103840
221090747464676,ACC,-2.178790,0.031126,10.175668
221090749464409,ACC,-2.174001,-0.031126,10.204399
221090751464142,ACC,-2.142876,-0.155628,10.223554
221090753463875,ACC,-2.111750,-0.253793,10.221159
221090752859206,MAG,30.240000,-12.300000,-39.000000
221090755463608,ACC,-2.087808,-0.294496,10.206794
221090757463341,ACC,-2.059076,-0.354353,10.139753
221090759463074,ACC,-2.001614,-0.366324,10.065532
221090761462874,ACC,-1.946545,-0.351958,10.024829
221090763462607,ACC,-1.740638,-0.282524,9.960183
221090762858206,MAG,30.119999,-12.660000,-39.119999
221090765462340,ACC,-1.649655,-0.251399,9.960183
221090767462073,ACC,-1.443748,-0.213090,9.964972
221090769461806,ACC,-1.336005,-0.126897,10.010463
221090771461539,ACC,-1.149252,-0.019154,10.065532
221090773461272,ACC,-0.993624,0.105348,10.161303
221090772857272,MAG,29.519999,-12.719999,-38.939999
221090775461072,ACC,-0.926584,0.172388,10.211582
221090777460872,ACC,-0.811659,0.308861,10.285805
221090779460605,ACC,-0.735042,0.440547,10.343267
221090781460338,ACC,-0.713494,0.505192,10.360027
221090783460071,ACC,-0.679974,0.634483,10.362421
221090782856338,MAG,29.519999,-12.960000,-38.879997
221090785459804,ACC,-0.672791,0.754197,10.357633
221090787459537,ACC,-0.672791,0.809265,10.348056
221090789459270,ACC,-0.715888,0.905036,10.292988
221090791459070,ACC,-0.756591,0.979258,10.242707
221090793458803,ACC,-0.828419,1.022355,10.216371
221090792855338,MAG,29.400000,-13.080000,-38.160000
221090795458536,ACC,-0.861939,1.051087,10.213976
221090797458269,ACC,-0.945739,1.106155,10.211582
221090799458002,ACC,-1.031932,1.115732,10.228342
221090801457735,ACC,-1.063058,1.120521,10.252285
221090803457468,ACC,-1.118126,1.094184,10.297776
221090802854404,MAG,29.039999,-13.380000,-38.040001
221090805457201,ACC,-1.142069,1.075029,10.333690
221090807457001,ACC,-1.225869,0.976864,10.431855
221090809456734,ACC,-1.288120,0.864333,10.506078
221090811456467,ACC,-1.331217,0.797293,10.537204
221090813456200,ACC,-1.496422,0.572232,10.587483
221090812853470,MAG,29.340000,-13.440000,-37.860001
221090815455933,ACC,-1.568250,0.500403,10.599455
221090817455666,ACC,-1.640078,0.423787,10.589877
221090819455399,ACC,-1.793312,0.258582,10.556357
221090821455132,ACC,-1.936968,0.129291,10.494106
221090823454932,ACC,-2.032739,0.000000,10.436644
221090822852536,MAG,29.099998,-13.740000,-37.559998
221090825454665,ACC,-2.078231,-0.055068,10.386364
221090827454398,ACC,-2.128510,-0.160416,10.297776
221090829454131,ACC,-2.157242,-0.292102,10.204399
221090831453864,ACC,-2.157242,-0.366324,10.144543
221090833453597,ACC,-2.140482,-0.502798,10.000886
221090832851602,MAG,29.219999,-13.860000,-38.099998
221090835453330,ACC,-2.092596,-0.641666,9.778218
221090837453063,ACC,-2.087808,-0.713494,9.658504
221090839452863,ACC,-2.073442,-0.866727,9.407105
221090841452596,ACC,-2.061471,-0.962498,9.158101
221090843452329,ACC,-2.080625,-1.041510,8.968953
221090842850635,MAG,30.000000,-13.620000,-38.219997
221090845452062,ACC,-2.121327,-1.065452,8.906702
221090847451795,ACC,-2.229070,-1.096578,8.803748
221090849451528,ACC,-2.284138,-1.098972,8.775017
221090851451261,ACC,-2.389486,-1.087001,8.782200
221090853451061,ACC,-2.487652,-1.039115,8.832479
221090852849668,MAG,29.939999,-14.160000,-38.219997
221090855450861,ACC,-2.521171,-0.988836,8.880365
221090857450594,ACC,-2.535537,-0.893064,9.028811
221090859450327,ACC,-2.521171,-0.802082,9.148524
221090861450060,ACC,-2.494834,-0.739831,9.201198
221090863449793,ACC,-2.391881,-0.579414,9.308941
221090862848601,MAG,29.639999,-13.980000,-38.520000
221090865449526,ACC,-2.360755,-0.519558,9.335278
221090867449259,ACC,-2.329629,-0.452518,9.356826
221090869449059,ACC,-2.269773,-0.316044,9.419077
221090871448792,ACC,-2.217098,-0.198725,9.536397
221090873448525,ACC,-2.185973,-0.105348,9.687236
221090872847467,MAG,29.459999,-14.280000,-38.160000
221090875448258,ACC,-2.193156,-0.059857,9.780613
221090877447991,ACC,-2.217098,0.002394,9.953000
221090879447724,ACC,-2.250618,0.026337,10.132571
221090881447457,ACC,-2.274561,0.107742,10.237919
221090883447190,ACC,-2.317658,0.179571,10.446221
221090882846333,MAG,29.219999,-14.820000,-38.160000
221090885446990,ACC,-2.367938,0.287313,10.644946
221090887446723,ACC,-2.396669,0.339987,10.738322
221090889446456,ACC,-2.437372,0.418998,10.874796
221090891446189,ACC,-2.475680,0.509981,10.958596
221090893445922,ACC,-2.516383,0.617723,11.016058
221090892845166,MAG,29.219999,-14.639999,-38.219997
221090895445655,ACC,-2.535537,0.651243,11.032818
221090897445388,ACC,-2.583422,0.725465,11.066339
221090899445121,ACC,-2.667222,0.792505,11.109435
221090901444921,ACC,-2.707925,0.830813,11.135772
221090903444654,ACC,-2.808484,0.888276,11.209994
221090902843932,MAG,29.639999,-14.940000,-38.160000
221090905444387,ACC,-2.870735,0.917007,11.255486
221090907444120,ACC,-2.983266,0.962498,11.358439
221090909443853,ACC,-3.098191,0.998413,11.451817
221090911443586,ACC,-3.138894,1.019961,11.504491
221090913443319,ACC,-3.201145,1.051087,11.636175
221090912842732,MAG,29.639999,-15.120000,-38.399998
221090915443052,ACC,-3.210722,1.065452,11.660118
221090917442852,ACC,-3.203540,1.072635,11.664907
221090919442585,ACC,-3.153260,1.065452,11.626598
221090921442318,ACC,-3.107769,1.065452,11.521251
221090923442051,ACC,-3.045517,1.058270,11.403931
221090922841465,MAG,29.279999,-15.059999,-38.219997
221090925441784,ACC,-3.007209,1.053481,11.346468
221090927441517,ACC,-2.913832,1.041510,11.253092
221090929441250,ACC,-2.870735,1.015172,11.205206
221090931441050,ACC,-2.810879,0.957710,11.107040
221090933440850,ACC,-2.767782,0.909824,10.992116
221090932840198,MAG,29.039999,-15.360000,-38.399998
221090935440583,ACC,-2.736656,0.878699,10.848459
221090937440316,ACC,-2.715108,0.809265,10.774237
221090939440049,ACC,-2.674405,0.742225,10.606637
221090941439782,ACC,-2.643279,0.670397,10.443827
221090943439515,ACC,-2.600183,0.600963,10.297776
221090942838931,MAG,28.799999,-15.360000,-38.279999
221090945439248,ACC,-2.583422,0.562655,10.233130
221090947439048,ACC,-2.557086,0.457306,10.115811
221090949438848,ACC,-2.537931,0.407027,10.072714
221090951438581,ACC,-2.499623,0.284919,10.017646
221090953438314,ACC,-2.437372,0.181965,9.993703
221090952837664,MAG,28.619999,-15.420000,-38.160000
221090955438047,ACC,-2.406246,0.134079,10.015251
221090957437780,ACC,-2.317658,0.050280,10.043983
221090959437513,ACC,-2.257801,-0.019154,10.055954
221090961437246,ACC,-2.219493,-0.052674,10.055954
221090963437046,ACC,-2.133299,-0.086194,9.967366
221090962836397,MAG,28.199999,-15.780000,-38.340000
221090965436779,ACC,-2.116539,-0.110137,9.931452
221090967436512,ACC,-2.099779,-0.100560,9.902720
221090969436245,ACC,-2.068653,-0.045491,9.881172
221090971435978,ACC,-2.023162,0.019154,9.902720
221090973435711,ACC,-1.999219,0.086194,9.938635
221090972835130,MAG,28.019999,-15.960000,-38.040001
221090975435444,ACC,-1.999219,0.102954,9.955395
221090977435177,ACC,-2.008796,0.165205,10.000886
221090979434977,ACC,-2.032739,0.193936,10.058349
221090981434710,ACC,-2.035134,0.208302,10.096657
221090983434443,ACC,-2.063865,0.222668,10.158908
221090982833796,MAG,27.660000,-16.320000,-37.860001
221090985434176,ACC,-2.145270,0.227456,10.175668
221090987433909,ACC,-2.190762,0.239427,10.209188
221090989433642,ACC,-2.274561,0.217879,10.247497
221090991433375,ACC,-2.384698,0.181965,10.257073
221090993433108,ACC,-2.468497,0.158022,10.237919
221090992832529,MAG,27.959999,-16.440001,-37.680000
221090995432908,ACC,-2.499623,0.134079,10.240314
221090997432641,ACC,-2.585817,0.052674,10.204399
221090999432374,ACC,-2.619337,0.023943,10.178062
221091001432107,ACC,-2.667222,-0.035914,10.099051
221091003431840,ACC,-2.717502,-0.081405,9.960183
221091002831262,MAG,28.199999,-16.379999,-37.619999
221091005431573,ACC,-2.746233,-0.107742,9.893144
221091007431306,ACC,-2.820456,-0.143656,9.708784
221091009431039,ACC,-2.880313,-0.174782,9.488511
221091011430839,ACC,-2.906650,-0.203513,9.378374
221091013430572,ACC,-2.973689,-0.220273,9.117398
221091012829928,MAG,28.139999,-16.859999,-37.680000
221091015430305,ACC,-2.988055,-0.229850,8.873182
221091017430038,ACC,-2.995238,-0.227456,8.751075
221091019429771,ACC,-3.021575,-0.249005,8.535589
221091021429504,ACC,-3.045517,-0.272947,8.394327
221091023429237,ACC,-3.069460,-0.332804,8.293768
221091022828661,MAG,28.260000,-16.980000,-37.619999
221091025429037,ACC,-3.088614,-0.366324,8.279403
221091027428837,ACC,-3.174809,-0.471672,8.351231
221091029428603,ACC,-3.251425,-0.538712,8.423059
221091031428369,ACC,-3.419024,-0.679974,8.585870
221091033428135,ACC,-3.641692,-0.847573,8.760652
221091032827427,MAG,27.900000,-17.520000,-37.380001
221091035427901,ACC,-3.766194,-0.940950,8.844451
221091037427667,ACC,-4.029564,-1.120521,9.035994
221091039427433,ACC,-4.266598,-1.295303,9.203592
221091041427266,ACC,-4.513208,-1.376708,9.265843
221091043427032,ACC,-4.723904,-1.596981,9.409500
221091042826127,MAG,27.900000,-17.639999,-37.079998
221091045426798,ACC,-4.829252,-1.664021,9.426260
221091047426564,ACC,-4.968120,-1.774158,9.502876
221091049426330,ACC,-5.020794,-1.810072,9.522031
221091051426096,ACC,-5.023189,-1.848380,9.522031
221091053425862,ACC,-4.953754,-1.850774,9.526819
221091052824893,MAG,27.900000,-17.639999,-37.079998
221091055425628,ACC,-4.881927,-1.838803,9.519637
221091057425461,ACC,-4.697567,-1.786129,9.510059
221091059425227,ACC,-4.474900,-1.723878,9.514848
221091061424993,ACC,-4.340820,-1.680781,9.543579
221091063424759,ACC,-4.027170,-1.563461,9.622590
221091062823659,MAG,27.840000,-18.119999,-36.719997
221091065424525,ACC,-3.687183,-1.441353,9.713573
221091067424291,ACC,-3.507613,-1.381497,9.771035
221091069424057,ACC,-3.148471,-1.268966,9.897932
221091071423823,ACC,-2.777359,-1.177983,9.996098
221091073423656,ACC,-2.437372,-1.065452,10.041589
221091072822425,MAG,27.900000,-18.119999,-36.899998
221091075423422,ACC,-2.272167,-1.017567,10.060742
221091077423188,ACC,-1.948940,-0.917007,10.096657
221091079422954,ACC,-1.628107,-0.809265,10.094262
221091081422720,ACC,-1.479662,-0.756591,10.089474
221091083422486,ACC,-1.204320,-0.644060,10.087080
221091082821191,MAG,27.779999,-18.420000,-37.020000
221091085422252,ACC,-1.077424,-0.588992,10.060742
221091087422018,ACC,-0.826025,-0.502798,9.981731
221091089421818,ACC,-0.634483,-0.409421,9.835681
221091091421551,ACC,-0.553077,-0.366324,9.763853
221091093421284,ACC,-0.304073,-0.251399,9.586677
221091092819957,MAG,28.019999,-18.480000,-36.599998
221091095421017,ACC,-0.237033,-0.208302,9.555551
221091097420750,ACC,-0.114925,-0.177176,9.500483
221091099420483,ACC,-0.043097,-0.122108,9.469357
221091101420216,ACC,0.071828,-0.088588,9.361614
221091103420016,ACC,0.122108,-0.067040,9.210775
221091102818723,MAG,28.080000,-18.480000,-37.020000
221091105419816,ACC,0.126897,-0.052674,9.129370
221091107419549,ACC,0.100560,-0.004789,8.980925
221091109419282,ACC,0.059857,0.028731,8.854029
221091111419015,ACC,0.021548,0.040703,8.791777
221091113418781,ACC,-0.098165,0.069434,8.686429
221091112817523,MAG,27.900000,-18.840000,-37.320000
221091115418514,ACC,-0.217879,0.055068,8.667274
221091117418247,ACC,-0.282524,0.038308,8.707977
221091119418047,ACC,-0.454912,-0.052674,8.877971
221091121417780,ACC,-0.639271,-0.270553,8.801354
221091123417513,ACC,-0.888276,-0.320833,9.081485
221091122816223,MAG,27.719999,-19.020000,-37.139999
221091125417246,ACC,-1.022355,-0.409421,9.392740
221091127416979,ACC,-1.297697,-0.751802,9.850046
221091129416712,ACC,-1.453325,-0.917007,9.936240
221091131416445,ACC,-1.783735,-1.237840,9.960183
221091133416178,ACC,-2.109356,-1.513182,9.873989
221091132814989,MAG,27.599998,-19.500000,-37.380001
221091135415978,ACC,-2.272167,-1.630501,9.838076
221091137415711,ACC,-2.571451,-1.843592,9.739910
221091139415444,ACC,-2.815667,-1.992037,9.677659
221091141415177,ACC,-2.918621,-2.071048,9.646533
221091143414910,ACC,-3.160443,-2.236253,9.632168
221091142813755,MAG,27.359999,-19.559999,-37.139999
221091145414643,ACC,-3.203540,-2.296109,9.665688
221091147414376,ACC,-3.222694,-2.339206,9.694419
221091149414109,ACC,-3.184386,-2.418218,9.703996
221091151413909,ACC,-3.100586,-2.485257,9.660899
221091153413642,ACC,-2.954535,-2.545114,9.601042
221091152812455,MAG,27.359999,-19.379999,-36.719997
221091155413375,ACC,-2.880313,-2.559480,9.586677
221091157413108,ACC,-2.741445,-2.576240,9.555551
221091159412841,ACC,-2.566663,-2.607365,9.464568
221091161412574,ACC,-2.473286,-2.621731,9.431048
221091163412307,ACC,-2.293715,-2.626519,9.380769
221091162811221,MAG,27.599998,-19.379999,-36.540001
221091165412040,ACC,-2.073442,-2.638491,9.335278
221091167411840,ACC,-1.951334,-2.643279,9.313729
221091169411573,ACC,-1.711906,-2.667222,9.270632
221091171411306,ACC,-1.446142,-2.672011,9.277815
221091173411006,ACC,-1.161223,-2.676799,9.306546
221091172809987,MAG,27.900000,-19.260000,-36.180000
221091175410739,ACC,-1.031932,-2.676799,9.337671
221091177410472,ACC,-0.758985,-2.655251,9.395134
221091179410205,ACC,-0.629694,-2.640885,9.426260
221091181410005,ACC,-0.390267,-2.597788,9.500483
221091183409805,ACC,-0.134079,-2.540326,9.555551
221091182808753,MAG,27.719999,-19.500000,-36.059998
221091185409538,ACC,-0.004789,-2.494834,9.569917
221091187409271,ACC,0.265765,-2.367938,9.589070
221091189409004,ACC,0.548289,-2.243435,9.603436
221091191408737,ACC,0.672791,-2.174001,9.581888
221091193408470,ACC,0.972076,-1.939363,9.433443
221091192807519,MAG,27.959999,-19.740000,-35.639999
221091195408203,ACC,1.034327,-1.860352,9.385557
221091197408003,ACC,1.077424,-1.776552,9.337671
221091199407803,ACC,1.096578,-1.596981,9.213169
221091201407536,ACC,1.063058,-1.424594,9.117398
221091203407269,ACC,0.972076,-1.247417,9.033599
221091202806285,MAG,27.959999,-20.279999,-35.759998
221091205407002,ACC,0.900247,-1.173195,9.002473
221091207406735,ACC,0.701523,-1.029538,8.964165
221091209406468,ACC,0.488432,-0.955316,8.949800
221091211406201,ACC,0.373507,-0.840390,8.952193
221091213406001,ACC,0.134079,-0.766168,8.980925
221091212805051,MAG,27.539999,-20.580000,-35.520000
221091215405734,ACC,-0.090982,-0.742225,9.040782
221091217405467,ACC,-0.222668,-0.754197,9.079090
221091219405200,ACC,-0.469278,-0.814053,9.196409
221091221404933,ACC,-0.713494,-0.912219,9.306546
221091223404666,ACC,-0.938556,-1.077424,9.452597
221091222803817,MAG,27.900000,-20.580000,-35.279999
221091225404399,ACC,-1.039115,-1.177983,9.526819
221091227404132,ACC,-1.225869,-1.412622,9.672871
221091229403932,ACC,-1.312063,-1.534730,9.751882
221091231403665,ACC,-1.438959,-1.805283,9.909904
221091233403398,ACC,-1.527547,-2.116539,10.103840
221091232802517,MAG,28.139999,-20.639999,-35.520000
221091235403131,ACC,-1.561067,-2.281744,10.197216
221091237402864,ACC,-1.604164,-2.621731,10.417490
221091239402597,ACC,-1.601770,-2.995238,10.609032
221091241402330,ACC,-1.592193,-3.181991,10.697619
221091243402063,ACC,-1.544307,-3.701549,10.917893
221091242801283,MAG,27.840000,-20.580000,-35.160000
221091245401863,ACC,-1.510787,-3.857177,10.982538
221091247401596,ACC,-1.467690,-4.012805,11.030424
221091249401329,ACC,-1.381497,-4.292935,11.092675
221091251401062,ACC,-1.242629,-4.520391,11.087887
221091253400795,ACC,-1.101366,-4.678413,11.063944
221091252800049,MAG,28.199999,-20.459999,-35.520000
221091255400528,ACC,-1.019961,-4.731087,10.996904
221091257400261,ACC,-0.816448,-4.778973,10.843671
221091259399994,ACC,-0.603357,-4.762213,10.683254
221091261399794,ACC,-0.495615,-4.716722,10.587483
221091263399527,ACC,-0.268159,-4.597008,10.388759
221091262798749,MAG,27.840000,-20.939999,-35.219997
221091265399260,ACC,-0.011971,-4.441380,10.213976
221091267398993,ACC,0.114925,-4.350397,10.142148
221091269398726,ACC,0.363930,-4.161250,10.060742
221091271398459,ACC,0.644060,-3.996045,10.027223
221091273398192,ACC,0.890670,-3.857177,10.058349
221091272797515,MAG,27.599998,-20.939999,-35.219997
221091275397992,ACC,0.993624,-3.785348,10.094262
221091277397792,ACC,1.149252,-3.656058,10.206794
221091279397525,ACC,1.235446,-3.529161,10.338479
221091281397258,ACC,1.254600,-3.478881,10.429461
221091283396991,ACC,1.302485,-3.397476,10.635368
221091282796281,MAG,27.779999,-20.939999,-35.340000
221091285396724,ACC,1.328822,-3.347196,10.738322
221091287396457,ACC,1.350371,-3.246637,10.965778
221091289396190,ACC,1.381497,-3.143683,11.174081
221091291395990,ACC,1.398257,-3.095797,11.267457
221091293395723,ACC,1.424594,-3.040729,11.509279
221091292794981,MAG,27.420000,-21.299999,-34.619999
221091295395456,ACC,1.429382,-2.985661,11.585896
221091297395189,ACC,1.431776,-2.954535,11.672090
221091299394922,ACC,1.446142,-2.906650,11.861238
221091301394655,ACC,1.455719,-2.853976,12.033626
221091303394388,ACC,1.477268,-2.813273,12.208407
221091302793747,MAG,27.299999,-21.240000,-35.099998
221091305394121,ACC,1.486845,-2.801301,12.301784
221091307393921,ACC,1.525153,-2.774965,12.428680
221091309393654,ACC,1.525153,-2.772570,12.471778
221091311393387,ACC,1.508393,-2.762993,12.555577
221091313393120,ACC,1.448536,-2.770176,12.577126
221091312792513,MAG,27.000000,-21.240000,-35.099998
221091315392853,ACC,1.345582,-2.789330,12.562760
221091317392586,ACC,1.288120,-2.842004,12.536423
221091319392319,ACC,1.146858,-2.875524,12.478960
221091321392052,ACC,0.998413,-2.911438,12.447835
221091323391852,ACC,0.857150,-2.971295,12.452623
221091322791279,MAG,26.340000,-21.420000,-34.860001
221091325391585,ACC,0.770957,-3.002421,12.450229
221091327391318,ACC,0.586597,-3.071855,12.464595
221091329391051,ACC,0.483644,-3.095797,12.450229
221091331390784,ACC,0.294496,-3.134106,12.416709
221091333390517,ACC,0.122108,-3.174809,12.342486
221091332790012,MAG,26.400000,-20.939999,-35.579998
221091335390250,ACC,0.052674,-3.198751,12.294601
221091337389983,ACC,-0.086194,-3.241848,12.174888
221091339389783,ACC,-0.217879,-3.282551,12.088694
221091341389516,ACC,-0.280130,-3.287339,12.016866
221091343389249,ACC,-0.454912,-3.311282,11.866026
221091342788745,MAG,26.459999,-20.939999,-35.459999
221091345388982,ACC,-0.512375,-3.356773,11.729552
221091347388715,ACC,-0.572232,-3.375927,11.674484
221091349388448,ACC,-0.694340,-3.426207,11.588290
221091351388181,ACC,-0.773351,-3.457333,11.511673
221091353387981,ACC,-0.833208,-3.478881,11.451817
221091352787478,MAG,26.519999,-21.000000,-36.059998
221091355387781,ACC,-0.854756,-3.495641,11.415902
221091357387514,ACC,-0.895459,-3.531555,11.375199
221091359387247,ACC,-0.917007,-3.548315,11.365623
221091361386980,ACC,-0.945739,-3.593807,11.322526
221091363386713,ACC,-0.981653,-3.648875,11.217177
221091362786211,MAG,26.939999,-21.180000,-36.000000
221091365386446,ACC,-1.012778,-3.675212,11.164503
221091367386179,ACC,-1.096578,-3.708732,11.020847
221091369385979,ACC,-1.177983,-3.727886,10.870008
221091371385779,ACC,-1.242629,-3.732674,10.735929
221091373385512,ACC,-1.278543,-3.701549,10.623397
221091372784877,MAG,26.939999,-21.359999,-35.399998
221091375385245,ACC,-1.261783,-3.691972,10.561146
221091377384978,ACC,-1.185166,-3.701549,10.470163
221091379384711,ACC,-1.132492,-3.699155,10.439038
221091381384444,ACC,-0.998413,-3.672817,10.405519
221091383384177,ACC,-0.845179,-3.644086,10.381576
221091382783610,MAG,26.699999,-21.359999,-35.399998
221091385383977,ACC,-0.758985,-3.627326,10.360027
221091387383710,ACC,-0.548289,-3.569864,10.307353
221091389383443,ACC,-0.342381,-3.471699,10.290593
221091391383176,ACC,-0.241822,-3.421419,10.281016
221091393382909,ACC,-0.019154,-3.347196,10.233130
221091392782343,MAG,26.459999,-21.359999,-34.439999
221091395382642,ACC,0.237033,-3.258608,10.173274
221091397382375,ACC,0.363930,-3.225088,10.139753
221091399382108,ACC,0.627300,-3.177203,10.065532
221091401381908,ACC,0.897853,-3.155654,9.998491
221091403381641,ACC,1.137281,-3.126923,9.972155
221091402781009,MAG,26.519999,-21.779999,-34.559998
221091405381374,ACC,1.256994,-3.124529,9.979338
221091407381107,ACC,1.489239,-3.117346,9.993703
221091409380840,ACC,1.575433,-3.117346,10.017646
221091411380573,ACC,1.699935,-3.124529,10.048771
221091413380306,ACC,1.740638,-3.141289,10.058349
221091412779709,MAG,26.099998,-22.260000,-34.739998
221091415380039,ACC,1.733455,-3.158048,10.024829
221091417379839,ACC,1.680781,-3.170020,9.979338
221091419379572,ACC,1.596981,-3.196357,9.974549
221091421379305,ACC,1.544307,-3.208328,9.979338
221091423379038,ACC,1.347977,-3.205934,10.036800
221091422778442,MAG,26.519999,-22.439999,-34.680000
221091425378771,ACC,1.273754,-3.193963,10.091868
221091427378504,ACC,1.098972,-3.174809,10.204399
221091429378237,ACC,1.017567,-3.170020,10.254679
221091431377970,ACC,0.830813,-3.107769,10.407912
221091433377770,ACC,0.644060,-3.040729,10.534809
221091432777175,MAG,26.699999,-22.980000,-34.860001
221091435377536,ACC,0.550683,-2.992844,10.570724
221091437377302,ACC,0.395055,-2.870735,10.630580
221091439377068,ACC,0.268159,-2.743839,10.666494
221091441376834,ACC,0.232245,-2.681588,10.654523
221091443376600,ACC,0.191542,-2.523566,10.678466
221091442775941,MAG,26.639999,-22.920000,-34.739998
221091445376366,ACC,0.181965,-2.343995,10.685649
221091447376199,ACC,0.208302,-2.255407,10.692831
221091449376032,ACC,0.292102,-2.094990,10.678466
221091451375798,ACC,0.416604,-1.929785,10.661706
221091453375564,ACC,0.555472,-1.781340,10.599455
221091452774707,MAG,26.699999,-22.559999,-34.799999
221091455375330,ACC,0.634483,-1.719089,10.568329
221091457375096,ACC,0.818842,-1.594587,10.465375
221091459374862,ACC,0.986441,-1.503605,10.336084
221091461374628,ACC,1.067847,-1.465296,10.254679
221091463374461,ACC,1.245023,-1.422199,10.094262
221091462773473,MAG,26.279999,-22.799999,-34.439999
221091465374227,ACC,1.338400,-1.400651,10.005674
221091467373993,ACC,1.549096,-1.352765,9.845258
221091469373759,ACC,1.745426,-1.340794,9.708784
221091471373525,ACC,1.855563,-1.326428,9.665688
221091473373291,ACC,2.162030,-1.266571,9.569917
221091472772239,MAG,26.160000,-23.039999,-34.079998
221091475373057,ACC,2.243435,-1.233052,9.524426
221091477372823,ACC,2.399063,-1.194743,9.471751
221091479372656,ACC,2.461314,-1.103761,9.366403
221091481372422,ACC,2.537931,-0.986441,9.251478
221091483372188,ACC,2.547508,-0.861939,9.153313
221091482770939,MAG,26.039999,-22.859999,-34.139999
221091485371954,ACC,2.537931,-0.797293,9.103033
221091487371720,ACC,2.494834,-0.694340,9.043176
221091489371486,ACC,2.437372,-0.584203,8.992896
221091491371252,ACC,2.418218,-0.536318,8.983319
221091493371018,ACC,2.408640,-0.447729,8.990502
221091492769705,MAG,25.980000,-23.279999,-33.840000
221091495370818,ACC,2.413429,-0.363930,9.021627
221091497370551,ACC,2.408640,-0.325621,9.055147
221091499370284,ACC,2.437372,-0.239427,9.129370
221091501370017,ACC,2.456526,-0.189148,9.217958
221091503369783,ACC,2.456526,-0.150839,9.316123
221091502768505,MAG,26.160000,-23.580000,-33.899998
221091505369516,ACC,2.437372,-0.124502,9.359221
221091507369249,ACC,2.391881,-0.090982,9.443020
221091509368982,ACC,2.365544,-0.086194,9.481328
221091511368782,ACC,2.281744,-0.062251,9.557945
221091513368515,ACC,2.157242,-0.007183,9.624985
221091512767205,MAG,26.099998,-23.340000,-34.020000
221091515368248,ACC,2.080625,0.016760,9.653716
221091517367981,ACC,1.908237,0.076617,9.751882
221091519367714,ACC,1.711906,0.148445,9.869201
221091521367447,ACC,1.628107,0.184359,9.921875
221091523367180,ACC,1.462902,0.289707,10.067925
221091522765971,MAG,26.039999,-23.279999,-33.840000
221091525366980,ACC,1.446142,0.328016,10.122993
221091527366780,ACC,1.429382,0.361535,10.168485
221091529366513,ACC,1.426988,0.454912,10.225947
221091531366246,ACC,1.474873,0.553077,10.269045
221091533365979,ACC,1.534730,0.622511,10.285805
221091532764737,MAG,26.160000,-23.160000,-33.899998
221091535365712,ACC,1.573039,0.653637,10.304958
221091537365445,ACC,1.616135,0.720677,10.348056
221091539365178,ACC,1.618530,0.768562,10.391152
221091541364978,ACC,1.592193,0.799688,10.412702
221091543364711,ACC,1.503605,0.840390,10.446221
221091542763437,MAG,26.340000,-22.799999,-33.540001
221091545364444,ACC,1.352765,0.900247,10.489318
221091547364177,ACC,1.254600,0.938556,10.496501
221091549363910,ACC,1.082212,0.996018,10.518049
221091551363643,ACC,0.869122,1.063058,10.537204
221091553363376,ACC,0.641666,1.166012,10.537204
221091552762203,MAG,26.639999,-22.680000,-33.719997
221091555363109,ACC,0.555472,1.221080,10.527626
221091557362909,ACC,0.409421,1.309668,10.506078
221091559362642,ACC,0.368718,1.343188,10.484529
221091561362375,ACC,0.299284,1.426988,10.429461
221091563362075,ACC,0.363930,1.498816,10.328901
221091562760969,MAG,27.359999,-22.980000,-33.719997
221091565361808,ACC,0.418998,1.525153,10.285805
221091567361541,ACC,0.577020,1.575433,10.206794
221091569361274,ACC,0.754197,1.640078,10.139753
221091571361007,ACC,0.849968,1.666415,10.106234
221091573360807,ACC,1.134886,1.738243,10.005674
221091572759735,MAG,28.019999,-22.859999,-33.840000
221091575360540,ACC,1.237840,1.769369,9.988914
221091577360273,ACC,1.331217,1.810072,9.979338
221091579360006,ACC,1.474873,1.869929,9.943423
221091581359739,ACC,1.577827,1.915420,9.909904
221091583359472,ACC,1.647261,1.951334,9.893144
221091582758501,MAG,28.379999,-22.320000,-34.200001
221091585359205,ACC,1.649655,1.972882,9.881172
221091587358938,ACC,1.625713,1.996825,9.883567
221091589358738,ACC,1.558673,2.004008,9.883567
221091591358471,ACC,1.525153,2.030345,9.869201
221091593358204,ACC,1.446142,2.020768,9.842864
221091592757267,MAG,28.680000,-21.660000,-33.899998
221091595357937,ACC,1.367131,2.025557,9.809344
221091597357670,ACC,1.324034,2.018374,9.792584
221091599357403,ACC,1.235446,2.018374,9.744699
221091601357136,ACC,1.125309,2.004008,9.711179
221091603356936,ACC,1.017567,1.975277,9.682447
221091602756033,MAG,29.099998,-21.240000,-33.660000
221091605356736,ACC,0.940950,1.956123,9.680053
221091607356469,ACC,0.766168,1.917814,9.684841
221091609356202,ACC,0.665608,1.903448,9.682447
221091611355935,ACC,0.486038,1.884294,9.677659
221091613355668,ACC,0.292102,1.855563,9.692024
221091612754799,MAG,29.400000,-21.000000,-33.299999
221091615355401,ACC,0.203513,1.836409,9.696813
221091617355134,ACC,0.009577,1.824437,9.687236
221091619354934,ACC,-0.146051,1.831620,9.699207
221091621354734,ACC,-0.193936,1.845986,9.692024
221091623354467,ACC,-0.284919,1.932180,9.682447
221091622753499,MAG,29.699999,-20.760000,-33.119999
221091625354200,ACC,-0.282524,1.982460,9.672871
221091627353933,ACC,-0.258582,2.018374,9.658504
221091629353666,ACC,-0.179571,2.073442,9.641745
221091631353399,ACC,-0.086194,2.138088,9.581888
221091633353132,ACC,0.043097,2.188367,9.519637
221091632752265,MAG,30.359999,-20.760000,-33.059998
221091635352932,ACC,0.119714,2.226676,9.488511
221091637352698,ACC,0.294496,2.296109,9.428655
221091639352464,ACC,0.430969,2.382303,9.385557
221091641352230,ACC,0.502798,2.430189,9.371192
221091643351996,ACC,0.641666,2.523566,9.352037
221091642751065,MAG,30.539999,-20.400000,-32.820000
221091645351762,ACC,0.761379,2.573845,9.335278
221091647351528,ACC,0.818842,2.683982,9.344854
221091649351294,ACC,0.936161,2.748627,9.356826
221091651351127,ACC,1.072635,2.796513,9.397529
221091653350927,ACC,1.242629,2.834821,9.469357
221091652749831,MAG,30.779999,-19.740000,-33.239998
221091655350727,ACC,1.326428,2.853976,9.507666
221091657350527,ACC,1.496422,2.837216,9.560339
221091659350327,ACC,1.573039,2.830033,9.581888
221091661350127,ACC,1.702329,2.808484,9.629773
221091663349927,ACC,1.802889,2.810879,9.684841
221091662748664,MAG,31.080000,-19.680000,-33.360001
221091665349727,ACC,1.848380,2.810879,9.694419
221091667349593,ACC,1.934574,2.791724,9.692024
221091669349459,ACC,1.996825,2.777359,9.684841
221091671349325,ACC,2.020768,2.767782,9.670476
221091673349191,ACC,2.102173,2.729473,9.541185
221091672747564,MAG,31.260000,-19.260000,-33.660000
221091675349057,ACC,2.126116,2.712713,9.454991
221091677348923,ACC,2.152453,2.707925,9.354432
221091679348789,ACC,2.221887,2.657645,9.105427
221091681348655,ACC,2.262590,2.595394,8.849239
221091683348588,ACC,2.281744,2.537931,8.616995
221091682746464,MAG,31.559999,-18.660000,-33.899998
221091685348454,ACC,2.284138,2.518777,8.530801
221091687348320,ACC,2.286532,2.473286,8.427847
221091689348186,ACC,2.281744,2.442160,8.401510
221091691348052,ACC,2.274561,2.377515,8.363202
221091693347918,ACC,2.288927,2.322447,8.310528
221091692745364,MAG,31.439999,-18.539999,-33.840000
221091695347784,ACC,2.353572,2.300898,8.288980
221091697347684,ACC,2.391881,2.229070,8.262642
221091699347584,ACC,2.511594,2.166819,8.238700
221091701347417,ACC,2.636096,2.087808,8.257854
221091703347250,ACC,2.767782,2.011191,8.336864
221091702744264,MAG,31.619999,-18.059999,-33.959999
221091705347083,ACC,2.839610,1.975277,8.379962
221091707346916,ACC,2.935381,1.934574,8.478127
221091709346749,ACC,2.968901,1.910631,8.523619
221091711346582,ACC,3.000026,1.889083,8.590658
221091713346448,ACC,3.000026,1.908237,8.648121
221091712743164,MAG,31.260000,-18.000000,-34.139999
221091715346248,ACC,2.968901,1.910631,8.681641
221091717346048,ACC,2.894678,1.910631,8.746285
221091719345848,ACC,2.772570,1.917814,8.894731
221091721345648,ACC,2.719896,1.927391,8.992896
221091723345448,ACC,2.547508,1.941757,9.220352
221091722742064,MAG,30.840000,-17.400000,-34.500000
221091725345248,ACC,2.384698,1.977671,9.471751
221091727345048,ACC,2.300898,2.004008,9.579494
221091729344848,ACC,2.118933,2.037528,9.761458
221091731344581,ACC,1.951334,2.042316,9.845258
221091733344314,ACC,1.752609,2.075836,9.871595
221091732740897,MAG,31.379999,-16.980000,-34.799999
221091735344047,ACC,1.647261,2.083019,9.888355
221091737343780,ACC,1.391074,2.106962,9.921875
221091739343513,ACC,1.254600,2.111750,9.969760
221091741343246,ACC,0.948133,2.133299,10.079897
221091743342979,ACC,0.634483,2.188367,10.228342
221091742739763,MAG,31.500000,-16.379999,-35.040001
221091745342779,ACC,0.471672,2.209916,10.307353
221091747342512,ACC,0.158022,2.243435,10.431855
221091749342245,ACC,-0.117319,2.284138,10.563540
221091751341978,ACC,-0.361535,2.308081,10.623397
221091753341711,ACC,-0.548289,2.406246,10.771842
221091752738629,MAG,31.799999,-15.480000,-35.099998
221091755341444,ACC,-0.603357,2.456526,10.831699
221091757341177,ACC,-0.663214,2.559480,10.949018
221091759340910,ACC,-0.603357,2.600183,10.989721
221091761340710,ACC,-0.538712,2.664828,11.073521
221091763340443,ACC,-0.339987,2.686376,11.092675
221091762737429,MAG,32.340000,-15.120000,-35.099998
221091765340176,ACC,-0.208302,2.679193,11.073521
221091767339909,ACC,0.090982,2.633702,11.025636
221091769339642,ACC,0.428575,2.561874,10.982538
221091771339375,ACC,0.608146,2.525960,10.970567
221091773339108,ACC,0.957710,2.415823,10.939442
221091772736295,MAG,32.219997,-14.340000,-35.279999
221091775338908,ACC,1.247417,2.264984,10.932259
221091777338708,ACC,1.381497,2.185973,10.949018
221091779338441,ACC,1.589798,2.027951,10.941835
221091781338174,ACC,1.733455,1.819649,10.853248
221091783337907,ACC,1.829226,1.596981,10.721562
221091782735161,MAG,32.520000,-13.320000,-35.099998
221091785337640,ACC,1.860352,1.484450,10.668888
221091787337373,ACC,1.934574,1.249811,10.563540
221091789337106,ACC,1.980065,1.137281,10.491713
221091791336906,ACC,2.073442,0.912219,10.336084
221091793336639,ACC,2.166819,0.713494,10.139753
221091792733961,MAG,32.340000,-12.960000,-34.980000
221091795336372,ACC,2.195550,0.634483,10.053560
221091797336105,ACC,2.243435,0.502798,9.893144
221091799335838,ACC,2.288927,0.435758,9.744699
221091801335571,ACC,2.291321,0.416604,9.689631
221091803335304,ACC,2.255407,0.459701,9.560339
221091802732794,MAG,32.399998,-12.660000,-35.639999
221091805335037,ACC,2.229070,0.488432,9.519637
221091807334837,ACC,2.147665,0.531529,9.431048
221091809334570,ACC,2.085413,0.639271,9.368797
221091811334303,ACC,1.975277,0.756591,9.237112
221091813334036,ACC,1.877111,0.907430,9.131764
221091812731660,MAG,32.639999,-12.780000,-35.279999
221091815333769,ACC,1.836409,0.993624,9.079090
221091817333502,ACC,1.776552,1.156435,8.930645
221091819333235,ACC,1.778946,1.271360,8.664881
221091821332968,ACC,1.783735,1.321640,8.502069
221091823332768,ACC,1.781340,1.357554,8.061523
221091822730526,MAG,32.459999,-13.259999,-35.820000
221091825332501,ACC,1.702329,1.333611,7.522811
221091827332234,ACC,1.628107,1.312063,7.254653
221091829331967,ACC,1.391074,1.266571,6.785375
221091831331700,ACC,1.043904,1.216292,6.450176
221091833331433,ACC,0.615329,1.158829,6.320886
221091832729392,MAG,32.700001,-13.200000,-36.419998
221091835331166,ACC,0.371113,1.142069,6.335251
221091837330899,ACC,-0.160416,1.077424,6.474119
221091839330699,ACC,-0.557866,1.003201,6.591439
221091841330432,ACC,-1.424594,0.675186,6.912271
221091843330165,ACC,-1.494027,0.581809,7.515629
221091842728258,MAG,32.399998,-12.900000,-36.239998
221091845329898,ACC,-1.474873,0.646454,7.872375
221091847329631,ACC,-1.422199,0.893064,8.530801
221091849329364,ACC,-1.285726,1.192349,8.865999
221091851329097,ACC,-1.170800,1.352765,8.894731
221091853328897,ACC,-0.644060,1.848380,8.650515
221091852727124,MAG,31.740000,-12.660000,-36.840000
221091855328697,ACC,-0.469278,1.984854,8.545167
221091857328430,ACC,-0.299284,2.133299,8.473338
221091859328163,ACC,0.014366,2.420612,8.447001
221091861327896,ACC,0.311256,2.652857,8.569110
221091863327629,ACC,0.586597,2.851581,8.815720
221091862725990,MAG,31.379999,-12.240000,-36.719997
221091865327362,ACC,0.713494,2.911438,8.964165
221091867327095,ACC,0.984047,3.007209,9.364009
221091869326895,ACC,1.285726,3.081432,9.828498
221091871326695,ACC,1.455719,3.122134,10.096657
221091873326428,ACC,1.800495,3.186780,10.678466
221091872724790,MAG,30.959999,-12.360000,-37.020000
221091875326161,ACC,2.147665,3.256214,11.212389
221091877325894,ACC,2.324841,3.289734,11.430268
221091879325627,ACC,2.679193,3.380716,11.779832
221091881325360,ACC,3.062278,3.457333,11.949825
221091883325093,ACC,3.462121,3.531555,11.973768
221091882723656,MAG,30.959999,-12.360000,-37.500000
221091885324893,ACC,3.670423,3.569864,11.947432
221091887324626,ACC,4.077450,3.624932,11.875603
221091889324359,ACC,4.278569,3.636904,11.837295
221091891324092,ACC,4.635316,3.646481,11.777438
221091893323825,ACC,4.920235,3.682395,11.758284
221091892722522,MAG,30.779999,-11.880000,-37.500000
221091895323558,ACC,5.025583,3.694366,11.772649
221091897323291,ACC,5.126143,3.749434,11.863631
221091899323024,ACC,5.085440,3.833234,12.004894
221091901322824,ACC,4.996851,3.878725,12.055174
221091903322557,ACC,4.474900,3.996045,11.990528
221091902721322,MAG,30.299999,-11.700000,-38.040001
221091905322290,ACC,4.242655,4.010410,11.880392
221091907322023,ACC,3.991256,4.022382,11.751101
221091909321756,ACC,3.392687,4.051113,11.430268
221091911321489,ACC,2.727079,4.019988,11.063944
221091913321222,ACC,1.992037,3.976891,10.716774
221091912720188,MAG,30.240000,-10.980000,-37.799999
221091915320955,ACC,1.628107,3.960130,10.563540
221091917320755,ACC,0.885882,3.926611,10.304958
221091919320488,ACC,0.208302,3.893091,10.082292
221091921320221,ACC,-0.100560,3.888302,9.974549
221091923319954,ACC,-0.665608,3.878725,9.816526
221091922719054,MAG,29.939999,-10.800000,-37.500000
221091925319687,ACC,-1.199532,3.905062,9.730332
221091927319420,ACC,-1.438959,3.933794,9.701602
221091929319153,ACC,-1.891477,4.022382,9.663293
221091931318886,ACC,-2.264984,4.118153,9.632168
221091933318686,ACC,-2.554691,4.173221,9.603436
221091932717920,MAG,30.000000,-10.800000,-37.380001
221091935318419,ACC,-2.643279,4.206741,9.560339
221091937318152,ACC,-2.753416,4.247444,9.409500
221091939317885,ACC,-2.734262,4.252232,9.234718
221091941317618,ACC,-2.669616,4.233078,9.141341
221091943317351,ACC,-2.432583,4.158855,9.012051
221091942716753,MAG,30.539999,-11.160000,-37.320000
221091945317084,ACC,-2.250618,4.106181,8.973742
221091947316884,ACC,-1.790918,3.976891,8.966559
221091949316684,ACC,-1.256994,3.854782,9.107821
221091951316417,ACC,-0.976864,3.794926,9.220352
221091953316150,ACC,-0.162811,3.703943,9.629773
221091952715553,MAG,30.719999,-11.340000,-37.559998
221091955315883,ACC,0.076617,3.691972,9.775824
221091957315616,ACC,0.299284,3.689578,9.924269
221091959315349,ACC,0.682368,3.725492,10.206794
221091961315082,ACC,1.019961,3.799714,10.386364
221091963314882,ACC,1.288120,3.864360,10.467770
221091962714353,MAG,30.599998,-11.520000,-37.799999
221091965314615,ACC,1.415016,3.900274,10.467770
221091967314348,ACC,1.642473,4.005622,10.419884
221091969314081,ACC,1.855563,4.058296,10.403124
221091971313814,ACC,1.944151,4.178010,10.383970
221091973313547,ACC,2.087808,4.276175,10.381576
221091972713086,MAG,30.480000,-11.759999,-38.160000
221091975313280,ACC,2.224281,4.398283,10.434250
221091977313013,ACC,2.279350,4.450957,10.498895
221091979312813,ACC,2.327235,4.529968,10.671283
221091981312546,ACC,2.332024,4.587430,10.884374
221091983312279,ACC,2.264984,4.592219,11.032818
221091982711752,MAG,29.879999,-11.160000,-38.279999
221091985312012,ACC,2.202733,4.575459,11.085492
221091987311745,ACC,2.025557,4.534757,11.169292
221091989311478,ACC,1.908237,4.503631,11.198023
221091991311211,ACC,1.611347,4.376734,11.181263
221091993310944,ACC,1.271360,4.216318,11.097464
221091992710485,MAG,29.639999,-10.920000,-38.459999
221091995310744,ACC,1.084607,4.120547,11.032818
221091997310477,ACC,0.665608,3.912245,10.917893
221091999310210,ACC,0.253793,3.742252,10.812545
221092001309943,ACC,0.040703,3.663240,10.755082
221092003309676,ACC,-0.574626,3.529161,10.637763
221092002709218,MAG,29.519999,-10.559999,-38.820000
221092005309409,ACC,-0.763774,3.435784,10.587483
221092007309142,ACC,-0.950527,3.375927,10.527626
221092009308875,ACC,-1.261783,3.304099,10.410307
221092011308675,ACC,-1.573039,3.227483,10.309748
221092013308408,ACC,-1.822043,3.167626,10.204399
221092012707884,MAG,29.099998,-10.200000,-39.119999
221092015308141,ACC,-1.936968,3.136500,10.158908
221092017307874,ACC,-2.135693,3.100586,10.087080
221092019307607,ACC,-2.221887,3.098191,10.055954
221092021307340,ACC,-2.394275,3.100586,10.027223
221092023307073,ACC,-2.533143,3.141289,10.036800
221092022706617,MAG,28.680000,-10.200000,-39.299999
221092025306873,ACC,-2.652857,3.162837,10.036800
221092027306673,ACC,-2.688771,3.205934,10.039194
221092029306406,ACC,-2.729473,3.287339,10.024829
221092031306139,ACC,-2.748627,3.344802,9.931452
221092033305872,ACC,-2.703136,3.419024,9.787795
221092032705350,MAG,28.439999,-10.440000,-39.660000
221092035305605,ACC,-2.655251,3.464516,9.711179
221092037305338,ACC,-2.569057,3.550709,9.534002
221092039305071,ACC,-2.504411,3.605778,9.459780
221092041304871,ACC,-2.317658,3.718309,9.299363
221092043304604,ACC,-2.121327,3.849994,9.174861
221092042704016,MAG,28.559999,-10.080000,-39.599998
221092045304337,ACC,-2.011191,3.917034,9.115005
221092047304070,ACC,-1.800495,4.031959,9.007262
221092049303803,ACC,-1.625713,4.142096,8.964165
221092051303536,ACC,-1.541913,4.185193,8.961771
221092053303269,ACC,-1.441353,4.242655,8.988108
221092052702749,MAG,28.980000,-9.960000,-39.899998
221092055303002,ACC,-1.438959,4.302512,9.052753
221092057302802,ACC,-1.453325,4.321666,9.095850
221092059302568,ACC,-1.529942,4.352792,9.220352
221092061302334,ACC,-1.687964,4.379128,9.392740
221092063302100,ACC,-1.908237,4.386312,9.605830
221092062701515,MAG,29.219999,-9.780000,-39.959999
221092065301866,ACC,-2.039922,4.374340,9.715967
221092067301632,ACC,-2.329629,4.369552,9.919480
221092069301398,ACC,-2.485257,4.364763,10.024829
221092071301164,ACC,-2.806090,4.364763,10.233130
221092073300997,ACC,-3.107769,4.367157,10.412702
221092072700281,MAG,29.099998,-9.240000,-40.079998
221092075300763,ACC,-3.261002,4.381523,10.496501
221092077300529,ACC,-3.545921,4.371946,10.637763
221092079300295,ACC,-3.799714,4.369552,10.757477
221092081300061,ACC,-4.055902,4.374340,10.870008
221092083299827,ACC,-4.283358,4.410254,10.927470
221092082699047,MAG,28.859999,-9.120000,-40.139999
221092085299593,ACC,-4.369552,4.431803,10.949018
221092087299359,ACC,-4.508420,4.474900,10.941835
221092089299192,ACC,-4.563488,4.501236,10.917893
221092091298958,ACC,-4.644893,4.517997,10.853248
221092093298724,ACC,-4.673625,4.527574,10.793391
221092092697813,MAG,28.799999,-8.940000,-39.660000
221092095298490,ACC,-4.676019,4.527574,10.783813
221092097298256,ACC,-4.623344,4.501236,10.790997
221092099298022,ACC,-4.563488,4.460534,10.805362
221092101297788,ACC,-4.517997,4.434197,10.824516
221092103297621,ACC,-4.427014,4.367157,10.838882
221092102696579,MAG,29.099998,-8.880000,-39.599998
221092105297454,ACC,-4.340820,4.316877,10.872402
221092107297220,ACC,-4.309695,4.295329,10.920287
221092109296986,ACC,-4.233078,4.268992,11.075915
221092111296752,ACC,-4.185193,4.247444,11.248303
221092113296518,ACC,-4.108575,4.201952,11.430268
221092112695345,MAG,29.160000,-8.580000,-39.419998
221092115296284,ACC,-4.067873,4.192375,11.514068
221092117296050,ACC,-3.962525,4.178010,11.633781
221092119295850,ACC,-3.804503,4.163644,11.664907
221092121295650,ACC,-3.699155,4.166038,11.686456
221092123295383,ACC,-3.445361,4.180404,11.743917
221092122694045,MAG,29.279999,-8.460000,-39.719997
221092125295116,ACC,-3.296916,4.185193,11.753495
221092127294849,ACC,-2.964112,4.213923,11.777438
221092129294582,ACC,-2.607365,4.242655,11.739129
221092131294315,ACC,-2.269773,4.268992,11.712792
221092133294048,ACC,-1.948940,4.345609,11.535616
221092132692811,MAG,29.340000,-8.400000,-39.899998
221092135293848,ACC,-1.802889,4.376734,11.461393
221092137293581,ACC,-1.575433,4.410254,11.327314
221092139293314,ACC,-1.491633,4.484477,11.274640
221092141293047,ACC,-1.374314,4.568276,11.200418
221092143292780,ACC,-1.321640,4.630527,11.150138
221092142691577,MAG,29.400000,-8.160000,-39.840000
221092145292513,ACC,-1.312063,4.661653,11.135772
221092147292246,ACC,-1.304880,4.728693,11.128590
221092149291979,ACC,-1.328822,4.812492,11.178869
221092151291779,ACC,-1.352765,4.857984,11.219572
221092153291512,ACC,-1.383891,4.939389,11.272245
221092152690277,MAG,29.279999,-8.520000,-39.779999
221092155291245,ACC,-1.434171,5.023189,11.310555
221092157290978,ACC,-1.465296,5.068680,11.322526
221092159290711,ACC,-1.529942,5.135719,11.312948
221092161290444,ACC,-1.601770,5.200365,11.296188
221092163290177,ACC,-1.697541,5.243462,11.312948
221092162689043,MAG,29.340000,-8.160000,-39.719997
221092165289910,ACC,-1.745426,5.265010,11.327314
221092167289710,ACC,-1.862746,5.281770,11.356046
221092169289443,ACC,-1.929785,5.293742,11.351257
221092171289176,ACC,-2.063865,5.296136,11.308160
221092173288909,ACC,-2.140482,5.303319,11.214784
221092172687809,MAG,29.099998,-7.980000,-39.540001
221092175288642,ACC,-2.178790,5.310502,11.159715
221092177288375,ACC,-2.243435,5.334444,11.061549
221092179288108,ACC,-2.260195,5.344021,10.980145
221092181287841,ACC,-2.262590,5.353599,10.956202
221092183287641,ACC,-2.231464,5.372753,10.870008
221092182686575,MAG,28.740000,-7.620000,-39.719997
221092185287374,ACC,-2.209916,5.365570,10.841276
221092187287107,ACC,-2.197944,5.365570,10.819728
221092189286840,ACC,-2.193156,5.341627,10.779025
221092191286573,ACC,-2.169213,5.315290,10.676071
221092193286306,ACC,-2.157242,5.257827,10.577906
221092192685341,MAG,28.559999,-7.260000,-39.899998
221092195286039,ACC,-2.164424,5.221913,10.522838
221092197285839,ACC,-2.190762,5.154874,10.388759
221092199285639,ACC,-2.195550,5.044737,10.259467
221092201285372,ACC,-2.207521,4.987275,10.197216
221092203285105,ACC,-2.236253,4.881927,10.096657
221092202684107,MAG,28.379999,-7.620000,-39.599998
221092205284838,ACC,-2.229070,4.786155,10.034406
221092207284604,ACC,-2.219493,4.757424,10.010463
221092209284337,ACC,-2.193156,4.683201,9.950606
221092211284070,ACC,-2.162030,4.604190,9.871595
221092213283870,ACC,-2.126116,4.537151,9.732727
221092212682873,MAG,28.379999,-7.800000,-39.840000
221092215283603,ACC,-2.102173,4.494054,9.672871
221092217283336,ACC,-2.056682,4.431803,9.560339
221092219283069,ACC,-2.039922,4.417437,9.517242
221092221282802,ACC,-2.023162,4.391100,9.419077
221092223282535,ACC,-2.011191,4.324060,9.320911
221092222681639,MAG,28.199999,-7.980000,-39.840000
221092225282268,ACC,-2.011191,4.300117,9.277815
221092227282001,ACC,-2.008796,4.233078,9.208381
221092229281801,ACC,-1.994431,4.154067,9.155706
221092231281534,ACC,-1.972882,4.106181,9.124581
221092233281267,ACC,-1.872323,3.943371,9.055147
221092232680339,MAG,28.260000,-8.460000,-39.840000
221092235281000,ACC,-1.834015,3.888302,9.028811
221092237280733,ACC,-1.790918,3.835628,8.995291
221092239280466,ACC,-1.692752,3.713520,8.916280
221092241280199,ACC,-1.604164,3.600989,8.856422
221092243279932,ACC,-1.505999,3.495641,8.786988
221092242679105,MAG,28.139999,-8.639999,-40.500000
221092245279732,ACC,-1.458113,3.433390,8.775017
221092247279465,ACC,-1.398257,3.299311,8.741497
221092249279198,ACC,-1.345582,3.174809,8.729526
221092251278931,ACC,-1.324034,3.129317,8.724737
221092253278664,ACC,-1.324034,3.028758,8.698400
221092252677871,MAG,28.199999,-8.760000,-40.619999
221092255278397,ACC,-1.374314,2.959324,8.657698
221092257278130,ACC,-1.412622,2.930592,8.631361
221092259277863,ACC,-1.517970,2.918621,8.597841
221092261277663,ACC,-1.647261,2.940170,8.561927
221092263277396,ACC,-1.807678,2.990449,8.526012
221092262676571,MAG,28.199999,-9.360000,-40.619999
221092265277129,ACC,-1.917814,3.014392,8.516436
221092267276829,ACC,-2.118933,3.079037,8.576292
221092269276562,ACC,-2.229070,3.131711,8.633755
221092271276295,ACC,-2.425400,3.232271,8.724737
221092273276095,ACC,-2.581028,3.340013,8.808537
221092272675404,MAG,28.199999,-9.540000,-40.860001
221092275275895,ACC,-2.648068,3.397476,8.837268
221092277275695,ACC,-2.789330,3.505218,8.906702
221092279275428,ACC,-2.889890,3.603384,8.966559
221092281275161,ACC,-2.932987,3.656058,9.012051
221092283274894,ACC,-3.021575,3.802108,9.043176
221092282674170,MAG,27.779999,-10.020000,-40.680000
221092285274627,ACC,-3.040729,3.854782,9.033599
221092287274360,ACC,-3.050306,3.902668,9.004868
221092289274093,ACC,-3.019181,3.974496,8.933040
221092291273893,ACC,-2.940170,4.053507,8.858817
221092293273626,ACC,-2.820456,4.098999,8.815720
221092292672870,MAG,27.539999,-10.740000,-40.559998
221092295273359,ACC,-2.748627,4.103787,8.794171
221092297273092,ACC,-2.597788,4.089421,8.736709
221092299272825,ACC,-2.415823,4.070267,8.736709
221092301272558,ACC,-2.327235,4.070267,8.739103
221092303272291,ACC,-2.145270,4.041536,8.777411
221092302671636,MAG,27.480000,-11.040000,-40.980000
221092305272024,ACC,-1.994431,3.991256,8.813326
221092307271824,ACC,-1.946545,3.969708,8.825297
221092309271557,ACC,-1.841197,3.948159,8.856422
221092311271290,ACC,-1.798100,3.938582,8.868394
221092313271023,ACC,-1.766975,3.933794,8.846846
221092312670402,MAG,27.059999,-11.219999,-40.799999
221092315270756,ACC,-1.764580,3.924217,8.830086
221092317270489,ACC,-1.814860,3.840417,8.772623
221092319270222,ACC,-1.841197,3.806897,8.727132
221092321269955,ACC,-1.934574,3.730280,8.638543
221092323269755,ACC,-2.071048,3.646481,8.576292
221092322669168,MAG,27.480000,-11.520000,-40.980000
221092325269488,ACC,-2.138088,3.598595,8.547561
221092327269221,ACC,-2.248224,3.476487,8.506859
221092329268954,ACC,-2.370332,3.351985,8.444607
221092331268687,ACC,-2.420612,3.277762,8.401510
221092333268353,ACC,-2.597788,3.050306,8.233912
221092332667934,MAG,27.359999,-11.759999,-40.980000
221092335268086,ACC,-2.655251,2.973689,8.164477
221092337267819,ACC,-2.700742,2.901861,8.099832
221092339267619,ACC,-2.789330,2.770176,7.984907
221092341267352,ACC,-2.887496,2.664828,7.874770
221092343267085,ACC,-2.959324,2.561874,7.776605
221092342666700,MAG,27.359999,-12.179999,-40.439999
221092345266818,ACC,-2.990449,2.516383,7.757451
221092347266551,ACC,-3.026363,2.449343,7.767027
221092349266284,ACC,-3.057489,2.420612,7.781393
221092351266017,ACC,-3.110163,2.387092,7.819702
221092353265817,ACC,-3.148471,2.298504,7.869981
221092352665466,MAG,27.420000,-12.840000,-40.259998
221092355265617,ACC,-3.165231,2.236253,7.953781
221092357265350,ACC,-3.174809,2.130905,7.992089
221092359265083,ACC,-3.167626,2.025557,8.080677
221092361264816,ACC,-3.143683,1.889083,8.164477
221092363264549,ACC,-3.079037,1.750215,8.248277
221092362664199,MAG,27.119999,-13.320000,-39.719997
221092365264282,ACC,-3.033546,1.673598,8.303345
221092367264015,ACC,-2.940170,1.508393,8.406299
221092369263815,ACC,-2.885101,1.429382,8.466156
221092371263615,ACC,-2.789330,1.314457,8.626573
221092373263348,ACC,-2.703136,1.237840,8.798960
221092372662865,MAG,27.240000,-13.440000,-39.540001
221092375263081,ACC,-2.652857,1.213897,8.901914
221092377262814,ACC,-2.585817,1.168406,9.091062
221092379262547,ACC,-2.564268,1.163618,9.284998
221092381262280,ACC,-2.554691,1.163618,9.378374
221092383262013,ACC,-2.583422,1.199532,9.572310
221092382661598,MAG,27.420000,-13.980000,-39.660000
221092385261813,ACC,-2.609760,1.276148,9.629773
221092387261546,ACC,-2.636096,1.326428,9.677659
221092389261279,ACC,-2.674405,1.453325,9.718362
221092391261012,ACC,-2.731868,1.599376,9.708784
221092393260745,ACC,-2.755810,1.762186,9.622590
221092392660331,MAG,27.539999,-14.160000,-39.719997
221092395260478,ACC,-2.765387,1.850774,9.572310
221092397260211,ACC,-2.741445,2.032739,9.469357
221092399259944,ACC,-2.731868,2.109356,9.411894
221092401259744,ACC,-2.681588,2.253013,9.325701
221092403259477,ACC,-2.645674,2.363149,9.246689
221092402658997,MAG,27.599998,-14.520000,-39.180000
221092405259210,ACC,-2.602577,2.406246,9.227535
221092407258943,ACC,-2.585817,2.456526,9.217958
221092409258676,ACC,-2.554691,2.518777,9.222747
221092411258409,ACC,-2.521171,2.547508,9.196409
221092413258142,ACC,-2.461314,2.537931,9.122187
221092412657730,MAG,27.539999,-15.059999,-39.119999
221092415257875,ACC,-2.437372,2.537931,9.088667
221092417257675,ACC,-2.399063,2.523566,9.016839
221092419257408,ACC,-2.363149,2.523566,8.959376
221092421257141,ACC,-2.336812,2.528354,8.928250
221092423256874,ACC,-2.286532,2.516383,8.916280
221092422656463,MAG,26.939999,-15.360000,-38.879997
221092425256607,ACC,-2.272167,2.513988,8.906702
221092427256340,ACC,-2.238647,2.492440,8.877971
221092429256073,ACC,-2.185973,2.461314,8.885154
221092431255806,ACC,-2.166819,2.454132,8.892337
221092433255606,ACC,-2.142876,2.418218,8.964165
221092432655196,MAG,27.000000,-15.420000,-38.459999
221092435255339,ACC,-2.152453,2.401458,9.055147
221092437255072,ACC,-2.174001,2.382303,9.098245
221092439254805,ACC,-2.241041,2.317658,9.172467
221092441254538,ACC,-2.298504,2.264984,9.222747
221092443254271,ACC,-2.394275,2.200339,9.316123
221092442653929,MAG,27.000000,-15.420000,-38.520000
221092445254004,ACC,-2.449343,2.166819,9.356826
221092447253804,ACC,-2.528354,2.102173,9.431048
221092449253604,ACC,-2.569057,2.061471,9.474146
221092451253337,ACC,-2.626519,1.965700,9.536397
221092453253070,ACC,-2.655251,1.867534,9.550762
221092452652662,MAG,26.879999,-15.839999,-38.759998
221092455252803,ACC,-2.667222,1.807678,9.562734
221092457252536,ACC,-2.691165,1.683175,9.543579
221092459252269,ACC,-2.686376,1.558673,9.445415
221092461252002,ACC,-2.643279,1.489239,9.404712
221092463251802,ACC,-2.573845,1.302485,9.284998
221092462651395,MAG,27.000000,-15.780000,-38.879997
221092465251568,ACC,-2.523566,1.254600,9.249084
221092467251334,ACC,-2.418218,1.156435,9.177256
221092469251100,ACC,-2.370332,1.103761,9.141341
221092471250866,ACC,-2.238647,1.000807,9.083879
221092473250632,ACC,-2.130905,0.871516,9.045570
221092472650161,MAG,26.760000,-16.320000,-38.579998
221092475250398,ACC,-2.090202,0.809265,9.040782
221092477250164,ACC,-2.006402,0.703917,9.047964
221092479249997,ACC,-1.920208,0.586597,9.088667
221092481249763,ACC,-1.886689,0.533923,9.107821
221092483249529,ACC,-1.855563,0.433364,9.165284
221092482648861,MAG,27.000000,-16.740000,-39.000000
221092485249295,ACC,-1.826832,0.337593,9.220352
221092487249061,ACC,-1.819649,0.304073,9.244295
221092489248827,ACC,-1.829226,0.205908,9.251478
221092491248593,ACC,-1.834015,0.126897,9.258660
221092493248359,ACC,-1.874717,0.055068,9.270632
221092492647627,MAG,27.119999,-16.799999,-38.579998
221092495248192,ACC,-1.903448,0.023943,9.299363
221092497247958,ACC,-1.984854,-0.016760,9.395134
221092499247724,ACC,-2.042316,-0.016760,9.447808
221092501247490,ACC,-2.171607,0.007183,9.584282
221092503247256,ACC,-2.300898,0.047885,9.751882
221092502646393,MAG,27.420000,-17.160000,-38.279999
221092505247022,ACC,-2.367938,0.069434,9.859624
221092507246788,ACC,-2.502017,0.119714,10.065532
221092509246554,ACC,-2.648068,0.141262,10.297776
221092511246387,ACC,-2.715108,0.155628,10.386364
221092513246153,ACC,-2.873130,0.222668,10.597060
221092512645093,MAG,27.480000,-17.219999,-38.399998
221092515245919,ACC,-2.928198,0.237033,10.649734
221092517245685,ACC,-3.011998,0.258582,10.716774
221092519245451,ACC,-3.083826,0.363930,10.764660
221092521245217,ACC,-3.093403,0.404632,10.767054
221092523244983,ACC,-3.093403,0.509981,10.755082
221092522643859,MAG,27.240000,-17.160000,-38.219997
221092525244783,ACC,-3.083826,0.565049,10.755082
221092527244583,ACC,-3.026363,0.675186,10.740717
221092529244316,ACC,-2.944958,0.792505,10.728745
221092531244049,ACC,-2.897073,0.857150,10.716774
221092533243782,ACC,-2.791724,0.984047,10.695226
221092532642625,MAG,27.299999,-17.039999,-37.980000
221092535243515,ACC,-2.705531,1.094184,10.668888
221092537243248,ACC,-2.652857,1.151646,10.668888
221092539242981,ACC,-2.549903,1.247417,10.661706
221092541242781,ACC,-2.470892,1.316851,10.609032
221092543242581,ACC,-2.382303,1.355160,10.527626
221092542641391,MAG,27.240000,-17.219999,-38.040001
221092545242314,ACC,-2.339206,1.379102,10.482135
221092547242047,ACC,-2.288927,1.383891,10.386364
221092549241780,ACC,-2.264984,1.371920,10.345661
221092551241513,ACC,-2.243435,1.347977,10.278622
221092553241246,ACC,-2.243435,1.328822,10.245102
221092552640157,MAG,27.059999,-17.039999,-38.219997
221092555240979,ACC,-2.241041,1.312063,10.235525
221092557240779,ACC,-2.253013,1.273754,10.237919
221092559240512,ACC,-2.288927,1.182772,10.233130
221092561240245,ACC,-2.317658,1.139675,10.252285
221092563239978,ACC,-2.430189,0.972076,10.381576
221092562638923,MAG,27.000000,-17.279999,-37.559998
221092565239711,ACC,-2.478074,0.909824,10.434250
221092567239444,ACC,-2.537931,0.842785,10.477346
221092569239177,ACC,-2.645674,0.720677,10.594666
221092571238910,ACC,-2.753416,0.612934,10.673677
221092573238710,ACC,-2.909044,0.541106,10.750294
221092572637623,MAG,26.879999,-17.580000,-37.619999
221092575238443,ACC,-2.968901,0.519558,10.776631
221092577238176,ACC,-3.052700,0.466884,10.814939
221092579237909,ACC,-3.114952,0.423787,10.848459
221092581237642,ACC,-3.141289,0.409421,10.831699
221092583237375,ACC,-3.160443,0.371113,10.800573
221092582636389,MAG,27.000000,-17.639999,-37.320000
221092585237108,ACC,-3.114952,0.313650,10.762265
221092587236841,ACC,-3.076643,0.280130,10.740717
221092589236641,ACC,-2.973689,0.203513,10.647340
221092591236374,ACC,-2.815667,0.148445,10.599455
221092593236107,ACC,-2.664828,0.093377,10.532414
221092592635155,MAG,27.000000,-18.480000,-36.959999
221092595235840,ACC,-2.588211,0.067040,10.501289
221092597235573,ACC,-2.451737,0.031126,10.467770
221092599235306,ACC,-2.343995,0.011971,10.474953
221092601235039,ACC,-2.296109,0.028731,10.491713
221092603234772,ACC,-2.205127,0.047885,10.441432
221092602633921,MAG,27.359999,-18.840000,-37.200001
221092605234572,ACC,-2.166819,0.059857,10.393547
221092607234305,ACC,-2.128510,0.064645,10.283410
221092609234038,ACC,-2.090202,0.062251,10.111023
221092611233771,ACC,-2.090202,0.062251,10.017646
221092613233504,ACC,-2.080625,0.059857,9.732727
221092612632687,MAG,27.420000,-19.139999,-36.840000
221092615233237,ACC,-2.099779,0.055068,9.651321
221092617232970,ACC,-2.116539,0.062251,9.579494
221092619232770,ACC,-2.150059,0.052674,9.428655
221092621232570,ACC,-2.200339,0.016760,9.332883
221092623232303,ACC,-2.224281,0.000000,9.299363
221092622631387,MAG,27.420000,-19.559999,-36.779999
221092625232036,ACC,-2.233858,-0.028731,9.304152
221092627231769,ACC,-2.257801,-0.112531,9.320911
221092629231502,ACC,-2.281744,-0.213090,9.342461
221092631231235,ACC,-2.300898,-0.268159,9.354432
221092633230968,ACC,-2.384698,-0.373507,9.342461
221092632630153,MAG,27.299999,-19.619999,-36.599998
221092635230768,ACC,-2.511594,-0.486038,9.340066
221092637230501,ACC,-2.590605,-0.550683,9.344854
221092639230234,ACC,-2.772570,-0.670397,9.335278
221092641229967,ACC,-3.009604,-0.780534,9.340066
221092643229700,ACC,-3.251425,-0.893064,9.361614
221092642628919,MAG,27.180000,-19.920000,-36.480000
221092645229433,ACC,-3.373533,-0.945739,9.399923
221092647229166,ACC,-3.622538,-1.048692,9.471751
221092649228899,ACC,-3.744646,-1.094184,9.514848
221092651228699,ACC,-4.017593,-1.163618,9.653716
221092653228432,ACC,-4.261809,-1.218686,9.828498
221092652627619,MAG,27.480000,-20.580000,-36.660000
221092655228165,ACC,-4.381523,-1.235446,9.919480
221092657227898,ACC,-4.592219,-1.237840,10.111023
221092659227631,ACC,-4.793338,-1.182772,10.307353
221092661227364,ACC,-4.869955,-1.142069,10.388759
221092663227097,ACC,-5.039948,-0.986441,10.628186
221092662626385,MAG,26.939999,-20.580000,-36.059998
221092665226830,ACC,-5.061497,-0.912219,10.685649
221092667226630,ACC,-5.073468,-0.842785,10.726351
221092669226363,ACC,-5.047131,-0.684763,10.747900
221092671226096,ACC,-4.958543,-0.541106,10.745505
221092673225829,ACC,-4.826858,-0.387873,10.740717
221092672625151,MAG,27.180000,-20.699999,-36.299999
221092675225562,ACC,-4.743058,-0.339987,10.747900
221092677225295,ACC,-4.546728,-0.256187,10.771842
221092679225028,ACC,-4.326455,-0.217879,10.786208
221092681224761,ACC,-4.228289,-0.129291,10.836488
221092683224561,ACC,-4.024776,-0.043097,10.927470
221092682623917,MAG,27.119999,-21.119999,-36.299999
221092685224327,ACC,-3.763800,0.074223,11.035213
221092687224093,ACC,-3.632115,0.122108,11.083098
221092689223859,ACC,-3.335225,0.196331,11.121407
221092691223625,ACC,-2.985661,0.258582,11.214784
221092693223391,ACC,-2.593000,0.339987,11.341680
221092692622717,MAG,26.400000,-21.119999,-36.059998
221092695223157,ACC,-2.377515,0.371113,11.403931
221092697222990,ACC,-1.939363,0.409421,11.506885
221092699222823,ACC,-1.496422,0.411815,11.609838
221092701222689,ACC,-1.266571,0.407027,11.643358
221092703222555,ACC,-0.826025,0.416604,11.686456
221092702621617,MAG,26.160000,-21.719999,-36.299999
221092705222421,ACC,-0.634483,0.411815,11.700821
221092707222287,ACC,-0.284919,0.390267,11.724764
221092709222153,ACC,0.028731,0.383084,11.727158
221092711222019,ACC,0.155628,0.378295,11.712792
221092713221952,ACC,0.457306,0.347170,11.669696
221092712620517,MAG,25.799999,-22.379999,-36.180000
221092715221885,ACC,0.524346,0.299284,11.652935
221092717221818,ACC,0.569837,0.275342,11.628993
221092719221751,ACC,0.634483,0.177176,11.583502
221092721221684,ACC,0.622511,0.047885,11.547587
221092723221617,ACC,0.543500,-0.117319,11.470970
221092722619483,MAG,25.139999,-22.439999,-36.119999
221092725221550,ACC,0.486038,-0.217879,11.415902
221092727221483,ACC,0.306467,-0.433364,11.267457
221092729221483,ACC,0.198725,-0.536318,11.186052
221092731221449,ACC,-0.031126,-0.739831,11.030424
221092733221415,ACC,-0.246610,-0.926584,10.874796
221092732618416,MAG,24.900000,-22.379999,-36.239998
221092735221381,ACC,-0.476461,-1.007990,10.743111
221092737221347,ACC,-0.577020,-1.166012,10.700014
221092739221313,ACC,-0.787716,-1.297697,10.625792
221092741221279,ACC,-0.974470,-1.395862,10.544386
221092743221312,ACC,-1.108549,-1.455719,10.482135
221092742617482,MAG,25.139999,-22.260000,-36.299999
221092745221312,ACC,-1.170800,-1.470085,10.458193
221092747221278,ACC,-1.261783,-1.477268,10.462981
221092749221244,ACC,-1.319245,-1.474873,10.470163
221092751221210,ACC,-1.441353,-1.472479,10.501289
221092753221176,ACC,-1.529942,-1.458113,10.537204
221092752616515,MAG,24.959999,-22.199999,-36.119999
221092755221142,ACC,-1.570644,-1.460508,10.530021
221092757221108,ACC,-1.642473,-1.467690,10.479741
221092759221074,ACC,-1.704724,-1.477268,10.446221
221092761221007,ACC,-1.735849,-1.482056,10.455798
221092763220907,ACC,-1.774158,-1.498816,10.537204
221092762615515,MAG,25.379999,-22.320000,-36.119999
221092765220807,ACC,-1.793312,-1.505999,10.618608
221092767220707,ACC,-1.814860,-1.508393,10.668888
221092769220607,ACC,-1.862746,-1.496422,10.762265
221092771220507,ACC,-1.891477,-1.491633,10.781420
221092773220407,ACC,-1.901054,-1.470085,10.728745
221092772614548,MAG,25.680000,-22.439999,-35.880001
221092775220307,ACC,-1.891477,-1.446142,10.697619
221092777220207,ACC,-1.869929,-1.364737,10.585089
221092779220107,ACC,-1.802889,-1.256994,10.455798
221092781220007,ACC,-1.771763,-1.199532,10.400730
221092783219907,ACC,-1.707118,-1.089395,10.321719
221092782613648,MAG,25.799999,-22.799999,-35.820000
221092785219807,ACC,-1.594587,-1.029538,10.295382
221092787219707,ACC,-1.534730,-0.950527,10.271439
221092789219607,ACC,-1.386285,-0.924190,10.266650
221092791219540,ACC,-1.283331,-0.924190,10.266650
221092793219473,ACC,-1.201926,-1.017567,10.276228
221092792612748,MAG,26.160000,-22.680000,-35.579998
221092795219339,ACC,-1.158829,-1.087001,10.302565
221092797219205,ACC,-1.070241,-1.256994,10.333690
221092799219071,ACC,-1.007990,-1.347977,10.357633
221092801218937,ACC,-0.890670,-1.546702,10.448615
221092803218737,ACC,-0.768562,-1.776552,10.585089
221092802611848,MAG,26.039999,-22.920000,-35.520000
221092805218603,ACC,-0.691945,-1.865140,10.642551
221092807218503,ACC,-0.548289,-2.056682,10.759871
221092809218336,ACC,-0.430969,-2.241041,10.817333
221092811218169,ACC,-0.375901,-2.327235,10.831699
221092813218002,ACC,-0.280130,-2.485257,10.850853
221092812610948,MAG,25.980000,-23.340000,-34.980000
221092815217835,ACC,-0.177176,-2.636096,10.846065
221092817217668,ACC,-0.136474,-2.700742,10.831699
221092819217501,ACC,-0.035914,-2.825244,10.817333
221092821217334,ACC,0.045491,-2.940170,10.798180
221092823217200,ACC,0.141262,-3.011998,10.759871
221092822610048,MAG,25.680000,-23.219999,-34.799999
221092825217000,ACC,0.191542,-3.038335,10.743111
221092827216800,ACC,0.289707,-3.081432,10.690437
221092829216600,ACC,0.344776,-3.093403,10.659311
221092831216400,ACC,0.457306,-3.136500,10.606637
221092833216200,ACC,0.574626,-3.162837,10.585089
221092832609148,MAG,25.260000,-23.459999,-34.439999
221092835216000,ACC,0.617723,-3.170020,10.577906
221092837215800,ACC,0.699128,-3.174809,10.558752
221092839215600,ACC,0.773351,-3.181991,10.503684
221092841215333,ACC,0.799688,-3.193963,10.460587
221092843215066,ACC,0.790111,-3.215511,10.292988
221092842608181,MAG,25.080000,-23.219999,-34.320000
221092845214799,ACC,0.778139,-3.220300,10.240314
221092847214532,ACC,0.715888,-3.210722,10.108628
221092849214265,ACC,0.670397,-3.208328,10.036800
221092851213998,ACC,0.541106,-3.205934,9.878778
221092853213731,ACC,0.418998,-3.198751,9.744699
221092852607281,MAG,24.719999,-23.279999,-34.559998
221092855213531,ACC,0.339987,-3.181991,9.672871
221092857213264,ACC,0.198725,-3.141289,9.526819
221092859212997,ACC,0.069434,-3.131711,9.450203
221092861212730,ACC,-0.014366,-3.119740,9.407105
221092863212463,ACC,-0.179571,-3.098191,9.378374
221092862606381,MAG,24.660000,-23.699999,-34.500000
221092865212196,ACC,-0.342381,-3.069460,9.375980
221092867211929,ACC,-0.428575,-3.052700,9.392740
221092869211729,ACC,-0.627300,-3.033546,9.443020
221092871211529,ACC,-0.837996,-3.023969,9.522031
221092873211262,ACC,-1.070241,-3.011998,9.648928
221092872605414,MAG,24.359999,-23.699999,-34.739998
221092875210995,ACC,-1.197137,-3.011998,9.727939
221092877210728,ACC,-1.446142,-3.035940,9.854836
221092879210461,ACC,-1.637684,-3.064672,9.950606
221092881210194,ACC,-1.728666,-3.098191,9.991309
221092883209927,ACC,-1.913026,-3.170020,10.079897
221092882604514,MAG,24.359999,-24.119999,-34.559998
221092885209727,ACC,-1.996825,-3.205934,10.115811
221092887209460,ACC,-2.140482,-3.301705,10.137360
221092889209193,ACC,-2.260195,-3.392687,10.175668
221092891208926,ACC,-2.303292,-3.445361,10.192428
221092893208659,ACC,-2.375121,-3.596201,10.312141
221092892603614,MAG,24.480000,-24.359999,-34.739998
221092895208392,ACC,-2.375121,-3.636904,10.367210
221092897208125,ACC,-2.367938,-3.680000,10.486923
221092899207858,ACC,-2.339206,-3.778166,10.551569
221092901207658,ACC,-2.264984,-3.842811,10.680860
221092903207391,ACC,-2.176396,-3.873937,10.807756
221092902602647,MAG,24.480000,-24.119999,-34.500000
221092905207124,ACC,-2.121327,-3.893091,10.874796
221092907206857,ACC,-1.992037,-3.890697,10.958596
221092909206590,ACC,-1.836409,-3.881119,11.047184
221092911206323,ACC,-1.747821,-3.873937,11.097464
221092913206056,ACC,-1.515576,-3.845205,11.183658
221092912601747,MAG,24.539999,-24.299999,-34.320000
221092915205789,ACC,-1.259389,-3.790137,11.224360
221092917205589,ACC,-1.122915,-3.756617,11.245909
221092919205322,ACC,-0.821236,-3.694366,11.262669
221092921205055,ACC,-0.478855,-3.636904,11.241120
221092923204788,ACC,-0.174782,-3.557892,11.178869
221092922600847,MAG,24.480000,-24.299999,-34.380001
221092925204521,ACC,-0.033520,-3.495641,11.130983
221092927204254,ACC,0.249005,-3.402265,11.042396
221092929203987,ACC,0.383084,-3.361562,10.996904
221092931203720,ACC,0.610540,-3.280156,10.917893
221092933203553,ACC,0.782928,-3.222694,10.879584
221092932599980,MAG,24.059999,-24.180000,-34.380001
221092935203286,ACC,0.845179,-3.198751,10.848459
221092937203019,ACC,0.912219,-3.158048,10.819728
221092939202752,ACC,0.893064,-3.141289,10.802968
221092941202485,ACC,0.869122,-3.134106,10.790997
221092943202218,ACC,0.665608,-3.114952,10.743111
221092942599080,MAG,23.760000,-24.480000,-34.619999
221092945201951,ACC,0.579414,-3.102980,10.750294
221092947201751,ACC,0.495615,-3.091009,10.767054
221092949201551,ACC,0.311256,-3.040729,10.759871
221092951201284,ACC,0.112531,-2.968901,10.735929
221092953201017,ACC,-0.064645,-2.875524,10.769448
221092952598180,MAG,23.459999,-24.719999,-34.739998
221092955200750,ACC,-0.146051,-2.834821,10.793391
221092957200483,ACC,-0.335198,-2.734262,10.846065
221092959200216,ACC,-0.505192,-2.660039,10.910710
221092961199949,ACC,-0.579414,-2.631308,10.946625
221092963199749,ACC,-0.668003,-2.549903,11.030424
221092962597280,MAG,22.799999,-25.019999,-34.919998
221092965199482,ACC,-0.730254,-2.492440,11.095070
221092967199215,ACC,-0.742225,-2.485257,11.135772
221092969198948,ACC,-0.677580,-2.482863,11.212389
221092971198681,ACC,-0.524346,-2.487652,11.284217
221092973198414,ACC,-0.349564,-2.482863,11.353651
221092972596380,MAG,22.500000,-25.080000,-34.860001
221092975198147,ACC,-0.258582,-2.480469,11.387171
221092977197880,ACC,-0.079011,-2.485257,11.420691
221092979197680,ACC,0.021548,-2.475680,11.425479
221092981197413,ACC,0.208302,-2.442160,11.442240
221092983197146,ACC,0.416604,-2.408640,11.401537
221092982595413,MAG,21.539999,-25.080000,-35.520000
221092985196879,ACC,0.531529,-2.408640,11.360834
221092987196612,ACC,0.797293,-2.394275,11.241120
221092989196345,ACC,1.067847,-2.389486,11.051972
221092991196078,ACC,1.189955,-2.384698,10.958596
221092993195778,ACC,1.517970,-2.384698,10.690437
221092992594479,MAG,21.059999,-25.139999,-35.759998
221092995195578,ACC,1.623318,-2.375121,10.599455
221092997195444,ACC,1.719089,-2.355966,10.496501
221092999195177,ACC,1.884294,-2.351178,10.297776
221093001194910,ACC,2.032739,-2.317658,10.118205
221093003194643,ACC,2.099779,-2.308081,9.974549
221093002593445,MAG,20.580000,-25.139999,-35.820000
221093005194376,ACC,2.116539,-2.310475,9.897932
221093007194109,ACC,2.111750,-2.305687,9.787795
221093009193842,ACC,2.030345,-2.288927,9.696813
221093011193642,ACC,1.977671,-2.298504,9.656111
221093013193375,ACC,1.850774,-2.310475,9.565128
221093012592345,MAG,20.219999,-25.139999,-35.820000
221093015193108,ACC,1.707118,-2.296109,9.498088
221093017192841,ACC,1.620924,-2.281744,9.483723
221093019192574,ACC,1.443748,-2.288927,9.462174
221093021192307,ACC,1.240234,-2.298504,9.510059
221093023192040,ACC,1.046298,-2.303292,9.574705
221093022591245,MAG,20.699999,-25.260000,-35.520000
221093025191840,ACC,0.936161,-2.308081,9.632168
221093027191640,ACC,0.723071,-2.322447,9.739910
221093029191373,ACC,0.622511,-2.332024,9.799767
221093031191106,ACC,0.462095,-2.336812,9.909904
221093033190839,ACC,0.380690,-2.343995,10.020041
221093032590111,MAG,20.639999,-25.019999,-35.520000
221093035190572,ACC,0.366324,-2.343995,10.055954
221093037190305,ACC,0.414210,-2.324841,10.111023
221093039190038,ACC,0.529135,-2.272167,10.209188
221093041189838,ACC,0.608146,-2.238647,10.252285
221093043189638,ACC,0.876305,-2.116539,10.419884
221093042588911,MAG,20.580000,-25.080000,-35.279999
221093045189371,ACC,0.972076,-2.068653,10.486923
221093047189104,ACC,1.070241,-2.015979,10.563540
221093049188837,ACC,1.264177,-1.924997,10.692831
221093051188570,ACC,1.436565,-1.860352,10.759871
221093053188303,ACC,1.575433,-1.788523,10.752688
221093052587744,MAG,20.820000,-25.320000,-35.759998
221093055188036,ACC,1.635290,-1.774158,10.733534
221093057187702,ACC,1.728666,-1.726272,10.666494
221093059187435,ACC,1.798100,-1.690358,10.577906
221093061187168,ACC,1.822043,-1.680781,10.551569
221093063186901,ACC,1.874717,-1.685570,10.525232
221093062586544,MAG,20.279999,-25.260000,-35.700001
221093065186634,ACC,1.874717,-1.683175,10.429461
221093067186367,ACC,1.869929,-1.680781,10.374393
221093069186100,ACC,1.814860,-1.683175,10.295382
221093071185833,ACC,1.721484,-1.690358,10.199611
221093073185633,ACC,1.599376,-1.668810,10.106234
221093072585344,MAG,20.160000,-25.379999,-35.939999
221093075185366,ACC,1.546702,-1.659232,10.099051
221093077185099,ACC,1.450930,-1.654444,10.096657
221093079184832,ACC,1.357554,-1.644867,10.127783
221093081184565,ACC,1.328822,-1.628107,10.137360
221093083184298,ACC,1.252206,-1.620924,10.139753
221093082584077,MAG,20.219999,-25.320000,-36.299999
221093085184031,ACC,1.223474,-1.606558,10.125388
221093087183764,ACC,1.185166,-1.558673,10.067925
221093089183564,ACC,1.154040,-1.508393,10.036800
221093091183297,ACC,1.168406,-1.479662,10.029617
221093093183030,ACC,1.211503,-1.417411,9.981731
221093092582743,MAG,19.980000,-25.260000,-36.000000
221093095182763,ACC,1.233052,-1.336005,9.957788
221093097182496,ACC,1.280937,-1.292908,9.917087
221093099182229,ACC,1.374314,-1.204320,9.830893
221093101181962,ACC,1.441353,-1.115732,9.732727
221093103181695,ACC,1.515576,-1.019961,9.646533
221093102581476,MAG,20.340000,-25.559999,-35.639999
221093105181495,ACC,1.532336,-0.972076,9.596253
221093107181228,ACC,1.546702,-0.893064,9.498088
221093109180961,ACC,1.568250,-0.861939,9.452597
221093111180694,ACC,1.596981,-0.787716,9.371192
221093113180427,ACC,1.630501,-0.715888,9.282603
221093112580209,MAG,20.459999,-25.619999,-35.160000
221093115180160,ACC,1.673598,-0.684763,9.258660
221093117179893,ACC,1.697541,-0.605752,9.227535
221093119179693,ACC,1.745426,-0.521952,9.244295
221093121179493,ACC,1.810072,-0.440547,9.253872
221093123179259,ACC,1.920208,-0.378295,9.306546
221093122578909,MAG,20.939999,-26.039999,-34.320000
221093125179025,ACC,1.977671,-0.349564,9.311335
221093127178791,ACC,2.138088,-0.275342,9.304152
221093129178557,ACC,2.214704,-0.251399,9.301758
221093131178323,ACC,2.401458,-0.191542,9.277815
221093133178089,ACC,2.593000,-0.117319,9.244295
221093132577675,MAG,21.059999,-26.219999,-34.139999
221093135177922,ACC,2.693559,-0.069434,9.217958
221093137177688,ACC,2.870735,0.011971,9.162889
221093139177454,ACC,3.004815,0.105348,9.045570
221093141177220,ACC,3.081432,0.150839,9.007262
221093143176986,ACC,3.174809,0.220273,8.940222
221093142576441,MAG,21.119999,-26.279999,-34.380001
221093145176752,ACC,3.189174,0.299284,8.861211
221093147176518,ACC,3.184386,0.330410,8.832479
221093149176284,ACC,3.153260,0.383084,8.763046
221093151176117,ACC,3.071855,0.452518,8.741497
221093153175883,ACC,2.973689,0.500403,8.772623
221093152575141,MAG,21.539999,-26.279999,-34.259998
221093155175649,ACC,2.901861,0.526740,8.789383
221093157175415,ACC,2.731868,0.579414,8.887548
221093159175181,ACC,2.648068,0.603357,8.954588
221093161174947,ACC,2.480469,0.658426,9.083879
221093163174713,ACC,2.315264,0.725465,9.273026
221093162573907,MAG,21.600000,-26.219999,-34.739998
221093165174479,ACC,2.241041,0.747014,9.347249
221093167174312,ACC,2.087808,0.802082,9.493299
221093169174078,ACC,1.948940,0.840390,9.615408
221093171173844,ACC,1.807678,0.852362,9.646533
221093173173610,ACC,1.683175,0.871516,9.687236
221093172572673,MAG,21.959999,-25.619999,-34.680000
221093175173376,ACC,1.620924,0.871516,9.701602
221093177173142,ACC,1.513182,0.888276,9.759064
221093179172908,ACC,1.453325,0.890670,9.775824
221093181172674,ACC,1.328822,0.897853,9.847652
221093183172474,ACC,1.209109,0.876305,9.943423
221093182571439,MAG,22.439999,-25.439999,-34.439999
221093185172207,ACC,1.146858,0.857150,10.005674
221093187171940,ACC,1.041510,0.814053,10.170879
221093189171673,ACC,0.907430,0.778139,10.304958
221093191171406,ACC,0.847573,0.754197,10.388759
221093193171139,ACC,0.699128,0.708705,10.522838
221093192570205,MAG,22.619999,-24.959999,-34.259998
221093195170872,ACC,0.550683,0.660820,10.654523
221093197170672,ACC,0.486038,0.663214,10.719169
221093199170472,ACC,0.356747,0.639271,10.822123
221093201170205,ACC,0.222668,0.646454,10.908316
221093203169938,ACC,0.122108,0.670397,10.980145
221093202568971,MAG,23.279999,-24.840000,-34.020000
221093205169671,ACC,0.081405,0.677580,11.006481
221093207169404,ACC,0.016760,0.713494,11.018453
221093209169137,ACC,-0.004789,0.739831,11.016058
221093211168870,ACC,-0.007183,0.821236,11.020847
221093213168670,ACC,0.011971,0.897853,11.032818
221093212567737,MAG,23.879999,-24.719999,-34.020000
221093215168403,ACC,0.038308,0.931373,11.042396
221093217168136,ACC,0.086194,1.029538,11.085492
221093219167869,ACC,0.153234,1.125309,11.133378
221093221167602,ACC,0.184359,1.168406,11.169292
221093223167335,ACC,0.234639,1.242629,11.195629
221093222566503,MAG,24.480000,-24.240000,-34.139999
221093225167068,ACC,0.258582,1.256994,11.174081
221093227166801,ACC,0.368718,1.271360,11.090281
221093229166601,ACC,0.423787,1.302485,11.025636
221093231166334,ACC,0.553077,1.304880,10.889162
221093233166067,ACC,0.747014,1.297697,10.733534
221093232565169,MAG,25.260000,-24.480000,-34.320000
221093235165800,ACC,0.847573,1.288120,10.652128
221093237165533,ACC,1.084607,1.268966,10.520444
221093239165266,ACC,1.319245,1.249811,10.374393
221093241164999,ACC,1.450930,1.240234,10.309748
221093243164732,ACC,1.697541,1.213897,10.225947
221093242563935,MAG,25.139999,-24.299999,-34.619999
221093245164532,ACC,1.951334,1.228263,10.182851
221093247164265,ACC,2.087808,1.242629,10.175668
221093249163998,ACC,2.341601,1.283331,10.170879
221093251163731,ACC,2.602577,1.336005,10.168485
221093253163464,ACC,2.822850,1.403045,10.170879
221093252562701,MAG,25.619999,-24.119999,-34.799999
221093255163197,ACC,2.901861,1.453325,10.175668
221093257162930,ACC,3.021575,1.568250,10.166091
221093259162663,ACC,3.107769,1.721484,10.139753
221093261162463,ACC,3.148471,1.795706,10.144543
221093263162196,ACC,3.210722,1.939363,10.149331
221093262561401,MAG,25.799999,-24.240000,-34.559998
221093265161929,ACC,3.229877,2.025557,10.137360
221093267161662,ACC,3.268185,2.183579,10.087080
221093269161395,ACC,3.308888,2.322447,10.046377
221093271161128,ACC,3.323253,2.396669,10.029617
221093273160861,ACC,3.380716,2.593000,9.953000
221093272560167,MAG,25.680000,-24.000000,-34.380001
221093275160661,ACC,3.404659,2.648068,9.931452
221093277160461,ACC,3.435784,2.698348,9.912297
221093279160194,ACC,3.450150,2.786936,9.902720
221093281159927,ACC,3.481276,2.889890,9.953000
221093283159660,ACC,3.490853,2.966506,10.077502
221093282558933,MAG,26.160000,-23.519999,-34.320000
221093285159393,ACC,3.488458,3.004815,10.163696
221093287159126,ACC,3.498035,3.069460,10.340873
221093289158859,ACC,3.493247,3.100586,10.508472
221093291158659,ACC,3.486064,3.100586,10.587483
221093293158459,ACC,3.466910,3.091009,10.654523
221093292557699,MAG,26.099998,-23.519999,-34.200001
221093295158192,ACC,3.481276,3.069460,10.668888
221093297157925,ACC,3.474093,3.045517,10.664100
221093299157658,ACC,3.426207,2.990449,10.644946
221093301157391,ACC,3.354379,2.942564,10.618608
221093303157124,ACC,3.227483,2.901861,10.597060
221093302556465,MAG,26.219999,-23.279999,-34.439999
221093305156857,ACC,3.150866,2.880313,10.589877
221093307156657,ACC,2.973689,2.818061,10.585089
221093309156390,ACC,2.863553,2.782147,10.577906
221093311156123,ACC,2.607365,2.734262,10.618608
221093313155856,ACC,2.320052,2.686376,10.625792
221093312555231,MAG,26.519999,-22.980000,-34.320000
221093315155589,ACC,2.159636,2.652857,10.630580
221093317155322,ACC,1.843592,2.597788,10.632975
221093319155055,ACC,1.539519,2.492440,10.587483
221093321154788,ACC,1.393468,2.425400,10.525232
221093323154588,ACC,0.991230,2.207521,10.209188
221093322553997,MAG,26.699999,-22.680000,-33.959999
221093325154321,ACC,0.873910,2.106962,10.082292
221093327154054,ACC,0.768562,1.999219,9.938635
221093329153787,ACC,0.593780,1.786129,9.629773
221093331153520,ACC,0.519558,1.539519,9.352037
221093333153253,ACC,0.488432,1.312063,9.141341
221093332552763,MAG,27.119999,-21.900000,-33.840000
221093335152986,ACC,0.474066,1.206715,9.062330
221093337152719,ACC,0.493221,1.015172,8.913885
221093339152519,ACC,0.533923,0.861939,8.731920
221093341152252,ACC,0.548289,0.787716,8.628966
221093343151985,ACC,0.598569,0.682368,8.447001
221093342551463,MAG,27.539999,-21.180000,-33.899998
221093345151718,ACC,0.646454,0.593780,8.296163
221093347151451,ACC,0.682368,0.586597,8.238700
221093349151184,ACC,0.737437,0.600963,8.178843
221093351150917,ACC,0.804476,0.670397,8.140534
221093353150650,ACC,0.917007,0.792505,8.126168
221093352550229,MAG,28.019999,-20.580000,-34.320000
221093355150450,ACC,0.967287,0.859545,8.126168
221093357150183,ACC,1.122915,1.022355,8.133351
221093359149916,ACC,1.223474,1.122915,8.142929
221093361149649,ACC,1.403045,1.347977,8.178843
221093363149382,ACC,1.606558,1.556279,8.262642
221093362548995,MAG,28.379999,-20.219999,-34.739998
221093365149115,ACC,1.726272,1.664021,8.334471
221093367148815,ACC,1.999219,1.865140,8.485310
221093369148615,ACC,2.253013,2.066259,8.652909
221093371148415,ACC,2.375121,2.183579,8.753469
221093373148148,ACC,2.722291,2.494834,9.055147
221093372547695,MAG,28.439999,-19.859999,-35.099998
221093375147881,ACC,2.837216,2.588211,9.170073
221093377147614,ACC,2.942564,2.686376,9.308941
221093379147347,ACC,3.102980,2.882707,9.572310
221093381147080,ACC,3.272974,3.047912,9.823709
221093383146813,ACC,3.464516,3.177203,10.039194
221093382546461,MAG,28.680000,-19.799999,-35.099998
221093385146613,ACC,3.550709,3.241848,10.142148
221093387146346,ACC,3.713520,3.328042,10.376787
221093389146079,ACC,3.861965,3.356773,10.623397
221093391145812,ACC,3.931399,3.390293,10.733534
221093393145545,ACC,4.089421,3.392687,10.879584
221093392545227,MAG,28.799999,-19.020000,-35.219997
221093395145278,ACC,4.228289,3.328042,10.893950
221093397145011,ACC,4.252232,3.292128,10.824516
221093399144744,ACC,4.216318,3.179597,10.616215
221093401144544,ACC,4.060690,3.031152,10.326508
221093403144277,ACC,3.742252,2.858764,10.041589
221093402543927,MAG,28.980000,-18.240000,-35.579998
221093405144010,ACC,3.555498,2.782147,9.902720
221093407143743,ACC,3.124529,2.664828,9.687236
221093409143476,ACC,2.870735,2.600183,9.632168
221093411143209,ACC,2.308081,2.494834,9.601042
221093413142942,ACC,1.733455,2.401458,9.615408
221093412542693,MAG,29.099998,-17.879999,-35.579998
221093415142675,ACC,1.441353,2.365544,9.639350
221093417142475,ACC,0.897853,2.315264,9.699207
221093419142208,ACC,0.404632,2.284138,9.763853
221093421141974,ACC,0.181965,2.286532,9.797373
221093423141707,ACC,-0.430969,2.276955,9.828498
221093422541426,MAG,29.099998,-16.920000,-35.939999
221093425141607,ACC,-0.598569,2.274561,9.816526
221093427141373,ACC,-0.747014,2.284138,9.785401
221093429141106,ACC,-0.998413,2.288927,9.656111
221093431140839,ACC,-1.180377,2.310475,9.452597
221093433140639,ACC,-1.285726,2.341601,9.282603
221093432540159,MAG,29.279999,-16.920000,-36.360001
221093435140372,ACC,-1.288120,2.367938,9.210775
221093437140105,ACC,-1.261783,2.408640,9.083879
221093439139838,ACC,-1.170800,2.456526,8.992896
221093441139571,ACC,-1.096578,2.485257,8.971348
221093443139304,ACC,-0.928979,2.537931,8.930645
221093442538892,MAG,29.219999,-16.680000,-36.599998
221093445139037,ACC,-0.730254,2.576240,8.909097
221093447138837,ACC,-0.632089,2.660039,8.901914
221093449138637,ACC,-0.397450,2.727079,8.940222
221093451138370,ACC,-0.146051,2.798907,9.057542
221093453138103,ACC,0.119714,2.887496,9.237112
221093452537625,MAG,29.699999,-16.139999,-36.840000
221093455137836,ACC,0.260976,2.921015,9.328094
221093457137569,ACC,0.553077,2.990449,9.502876
221093459137302,ACC,0.715888,3.038335,9.593859
221093461137035,ACC,1.039115,3.126923,9.730332
221093463136835,ACC,1.398257,3.203540,9.828498
221093462536358,MAG,29.760000,-15.719999,-37.259998
221093465136635,ACC,1.580221,3.237060,9.871595
221093467136368,ACC,1.956123,3.292128,9.962578
221093469136101,ACC,2.334418,3.332830,10.053560
221093471135834,ACC,2.523566,3.351985,10.096657
221093473135567,ACC,3.045517,3.387899,10.163696
221093472535091,MAG,29.639999,-15.120000,-37.500000
221093475135300,ACC,3.205934,3.402265,10.223554
221093477135033,ACC,3.349591,3.416630,10.252285
221093479134833,ACC,3.627326,3.416630,10.242707
221093481134533,ACC,3.830840,3.407053,10.230737
221093483134266,ACC,3.945765,3.387899,10.173274
221093482533757,MAG,29.879999,-14.460000,-37.500000
221093485133832,ACC,3.972102,3.373533,10.149331
221093487133565,ACC,3.926611,3.332830,10.101445
221093489133298,ACC,3.845205,3.301705,10.103840
221093491133031,ACC,3.605778,3.232271,10.111023
221093493132764,ACC,3.265791,3.138894,10.127783
221093492532490,MAG,29.879999,-14.040000,-37.680000
221093495132564,ACC,2.842004,3.091009,10.122993
221093497132297,ACC,2.593000,3.002421,10.111023
221093499132030,ACC,2.106962,2.909044,10.072714
221093501131763,ACC,1.628107,2.851581,9.984126
221093503131496,ACC,1.142069,2.700742,9.830893
221093502531223,MAG,29.760000,-13.620000,-37.919998
221093505131229,ACC,0.914613,2.662434,9.730332
221093507130962,ACC,0.471672,2.564268,9.526819
221093509130695,ACC,0.277736,2.518777,9.407105
221093511130495,ACC,-0.062251,2.430189,9.182044
221093513130228,ACC,-0.373507,2.332024,8.978531
221093512529889,MAG,29.879999,-13.139999,-37.680000
221093515129961,ACC,-0.509981,2.286532,8.887548
221093517129694,ACC,-0.761379,2.202733,8.734315
221093519129427,ACC,-0.960104,2.121327,8.662486
221093521129160,ACC,-1.043904,2.087808,8.628966
221093523128893,ACC,-1.197137,2.020768,8.547561
221093522528622,MAG,29.699999,-13.020000,-37.860001
221093525128626,ACC,-1.333611,1.989642,8.475733
221093527128426,ACC,-1.398257,1.980065,8.454185
221093529128192,ACC,-1.517970,2.004008,8.451790
221093531127958,ACC,-1.608953,2.085413,8.552350
221093533127724,ACC,-1.678387,2.197944,8.717555
221093532527388,MAG,29.459999,-12.840000,-37.980000
221093535127490,ACC,-1.697541,2.260195,8.818114
221093537127256,ACC,-1.735849,2.367938,9.004868
221093539127022,ACC,-1.740638,2.437372,9.088667
221093541126855,ACC,-1.702329,2.559480,9.220352
221093543126688,ACC,-1.642473,2.667222,9.328094
221093542526154,MAG,29.760000,-12.840000,-37.799999
221093545126454,ACC,-1.594587,2.717502,9.371192
221093547126220,ACC,-1.465296,2.796513,9.452597
221093549125986,ACC,-1.340794,2.839610,9.560339
221093551125719,ACC,-1.197137,2.863553,9.624985
221093553125485,ACC,-1.087001,2.925804,9.878778
221093552524920,MAG,29.699999,-12.900000,-38.399998
221093555125251,ACC,-1.024750,2.947352,9.988914
221093557125084,ACC,-0.893064,3.004815,10.252285
221093559124850,ACC,-0.816448,3.040729,10.348056
221093561124616,ACC,-0.679974,3.102980,10.518049
221093563124382,ACC,-0.478855,3.179597,10.628186
221093562523686,MAG,29.820000,-12.420000,-38.759998
221093565124282,ACC,-0.349564,3.193963,10.635368
221093567124048,ACC,-0.057463,3.170020,10.599455
221093569123814,ACC,0.296890,3.146077,10.494106
221093571123580,ACC,0.476461,3.119740,10.424672
221093573123413,ACC,0.847573,3.035940,10.269045
221093572522452,MAG,29.820000,-12.599999,-38.820000
221093575123213,ACC,1.237840,2.887496,10.127783
221093577122979,ACC,1.441353,2.794119,10.051166
221093579122745,ACC,1.814860,2.588211,9.905115
221093581122511,ACC,2.135693,2.310475,9.713573
221093583122277,ACC,2.353572,2.020768,9.454991
221093582521218,MAG,29.639999,-12.599999,-38.879997
221093585122043,ACC,2.415823,1.872323,9.308941
221093587121809,ACC,2.461314,1.601770,9.012051
221093589121609,ACC,2.446949,1.470085,8.873182
221093591121342,ACC,2.293715,1.256994,8.640938
221093593121075,ACC,2.035134,1.098972,8.502069
221093592519918,MAG,29.580000,-12.420000,-38.879997
221093595120808,ACC,1.886689,1.029538,8.478127
221093597120541,ACC,1.498816,0.952921,8.478127
221093599120274,ACC,1.089395,0.905036,8.504464
221093601120007,ACC,0.893064,0.914613,8.499676
221093603119740,ACC,0.306467,0.993624,8.423059
221093602518684,MAG,29.580000,-13.020000,-38.520000
221093605119540,ACC,0.150839,1.046298,8.379962
221093607119273,ACC,-0.160416,1.110944,8.348836
221093609119006,ACC,-0.287313,1.266571,8.365596
221093611118772,ACC,-0.526740,1.472479,8.526012
221093613118505,ACC,-0.730254,1.702329,8.767835
221093612517450,MAG,29.459999,-12.480000,-38.279999
221093615118238,ACC,-0.816448,1.817255,8.930645
221093617117971,ACC,-0.962498,2.047105,9.287392
221093619117771,ACC,-1.101366,2.300898,9.641745
221093621117571,ACC,-1.173195,2.432583,9.802161
221093623117304,ACC,-1.280937,2.667222,10.113417
221093622516150,MAG,29.279999,-12.300000,-38.340000
221093625116904,ACC,-1.374314,2.911438,10.427067
221093627116637,ACC,-1.403045,3.028758,10.585089
221093629116370,ACC,-1.462902,3.258608,10.855642
221093631116103,ACC,-1.541913,3.445361,11.080704
221093633115836,ACC,-1.594587,3.577047,11.253092
221093632514916,MAG,29.219999,-12.059999,-38.399998
221093635115602,ACC,-1.616135,3.632115,11.296188
221093637115335,ACC,-1.690358,3.718309,11.353651
221093639115068,ACC,-1.723878,3.742252,11.365623
221093641114801,ACC,-1.932180,3.725492,11.372806
221093643114534,ACC,-2.202733,3.541132,11.408719
221093642513682,MAG,28.980000,-11.460000,-38.820000
221093645114267,ACC,-2.176396,3.502824,11.521251
221093647114000,ACC,-2.083019,3.517190,11.930672
221093649113733,ACC,-2.054288,3.586624,12.371218
221093651113533,ACC,-2.063865,3.627326,12.519663
221093653113266,ACC,-2.078231,3.785348,12.581914
221093652512382,MAG,28.740000,-11.460000,-39.660000
221093655112999,ACC,-2.106962,3.833234,12.519663
221093657112732,ACC,-2.142876,3.878725,12.452623
221093659112465,ACC,-2.193156,3.950553,12.332910
221093661112198,ACC,-2.245830,4.008016,12.119819
221093663111931,ACC,-2.233858,4.067873,11.827718
221093662511148,MAG,28.680000,-11.340000,-39.719997
221093665111664,ACC,-2.209916,4.103787,11.676878
221093667111464,ACC,-2.135693,4.142096,11.360834
221093669111197,ACC,-2.023162,4.154067,11.121407
221093671110930,ACC,-1.951334,4.154067,10.977750
221093673110663,ACC,-1.790918,4.115758,10.652128
221093672509914,MAG,28.439999,-11.160000,-39.779999
221093675110396,ACC,-1.580221,4.067873,10.388759
221093677110129,ACC,-1.453325,4.034353,10.281016
221093679109862,ACC,-1.189955,3.938582,10.120600
221093681109795,ACC,-0.902642,3.811686,10.024829
221093683109595,ACC,-0.636877,3.646481,9.938635
221093682508680,MAG,28.080000,-11.099999,-39.719997
221093685109328,ACC,-0.509981,3.553104,9.909904
221093687109061,ACC,-0.272947,3.373533,9.826104
221093689108794,ACC,-0.169994,3.275368,9.773430
221093691108527,ACC,0.002394,3.064672,9.682447
221093693108260,ACC,0.126897,2.849187,9.629773
221093692507446,MAG,28.019999,-10.800000,-39.599998
221093695107993,ACC,0.184359,2.734262,9.629773
221093697107793,ACC,0.277736,2.533143,9.715967
221093699107593,ACC,0.380690,2.351178,9.871595
221093701107326,ACC,0.418998,2.279350,10.005674
221093703107059,ACC,0.545895,2.138088,10.496501
221093702506212,MAG,27.719999,-10.679999,-39.959999
221093705106792,ACC,0.591386,2.097385,10.654523
221093707106525,ACC,0.634483,2.073442,10.814939
221093709106258,ACC,0.732648,2.083019,11.080704
221093711105991,ACC,0.842785,2.164424,11.166898
221093713105791,ACC,0.960104,2.312870,11.121407
221093712504978,MAG,27.180000,-10.800000,-40.259998
221093715105757,ACC,1.024750,2.415823,11.037607
221093717105490,ACC,1.166012,2.664828,10.800573
221093719105223,ACC,1.302485,2.801301,10.577906
221093721104956,ACC,1.386285,3.079037,10.465375
221093723104689,ACC,1.563461,3.335225,10.247497
221093722503744,MAG,26.939999,-10.679999,-40.320000
221093725104422,ACC,1.716695,3.545921,10.072714
221093727104155,ACC,1.778946,3.639298,10.029617
221093729103955,ACC,1.874717,3.799714,9.998491
221093731103688,ACC,1.913026,3.909851,10.043983
221093733103421,ACC,1.877111,3.988862,10.163696
221093732502444,MAG,26.699999,-10.980000,-40.680000
221093735103154,ACC,1.834015,4.005622,10.237919
221093737102887,ACC,1.707118,3.993650,10.369604
221093739102620,ACC,1.515576,3.929005,10.472558
221093741102153,ACC,1.383891,3.881119,10.501289
221093743101886,ACC,1.060664,3.763800,10.496501
221093742501210,MAG,26.519999,-11.040000,-40.379997
221093745101686,ACC,0.885882,3.699155,10.474953
221093747101419,ACC,0.519558,3.581835,10.427067
221093749101152,ACC,0.177176,3.474093,10.381576
221093751100885,ACC,0.011971,3.423813,10.345661
221093753100618,ACC,-0.450124,3.342408,10.292988
221093752499976,MAG,26.879999,-10.860000,-40.200001
221093755100351,ACC,-0.577020,3.308888,10.266650
221093757100084,ACC,-0.706311,3.275368,10.247497
221093759099817,ACC,-0.972076,3.225088,10.225947
221093761099617,ACC,-1.225869,3.184386,10.197216
221093763099350,ACC,-1.465296,3.184386,10.106234
221093762498676,MAG,27.240000,-10.380000,-40.680000
221093765099083,ACC,-1.575433,3.191568,10.053560
221093767098816,ACC,-1.750215,3.215511,9.960183
221093769098549,ACC,-1.855563,3.229877,9.919480
221093771098282,ACC,-1.896266,3.258608,9.802161
221093773098015,ACC,-1.924997,3.270579,9.622590
221093772497442,MAG,27.000000,-9.960000,-40.619999
221093775097581,ACC,-1.905843,3.296916,9.404712
221093777097381,ACC,-1.850774,3.308888,9.292180
221093779097147,ACC,-1.678387,3.318465,9.088667
221093781096913,ACC,-1.450930,3.342408,8.885154
221093783096679,ACC,-1.166012,3.349591,8.684034
221093782496242,MAG,26.699999,-9.420000,-41.040001
221093785096445,ACC,-1.010384,3.363956,8.595447
221093787096211,ACC,-0.682368,3.375927,8.473338
221093789095977,ACC,-0.524346,3.380716,8.456578
221093791095810,ACC,-0.205908,3.411842,8.487704
221093793095643,ACC,0.090982,3.416630,8.571504
221093792495042,MAG,26.340000,-9.360000,-41.340000
221093795095509,ACC,0.213090,3.411842,8.640938
221093797095375,ACC,0.383084,3.404659,8.796566
221093799095241,ACC,0.517163,3.373533,9.000079
221093801095107,ACC,0.557866,3.349591,9.100638
221093803094973,ACC,0.598569,3.325648,9.375980
221093802493942,MAG,26.039999,-9.420000,-41.219997
221093805094839,ACC,0.588992,3.320859,9.476540
221093807094772,ACC,0.572232,3.323253,9.577099
221093809094705,ACC,0.560260,3.361562,9.766247
221093811094638,ACC,0.584203,3.445361,9.914692
221093813094571,ACC,0.639271,3.545921,9.979338
221093812492908,MAG,25.740000,-9.179999,-41.099998
221093815094504,ACC,0.675186,3.591412,9.986520
221093817094437,ACC,0.778139,3.737463,9.945818
221093819094370,ACC,0.835602,3.794926,9.907509
221093821094303,ACC,0.924190,3.924217,9.811738
221093823094303,ACC,0.962498,4.055902,9.747093
221093822491874,MAG,26.039999,-9.420000,-41.340000
221093825094269,ACC,0.943344,4.127730,9.725544
221093827094235,ACC,0.914613,4.228289,9.723150
221093829094201,ACC,0.744619,4.321666,9.759064
221093831094167,ACC,0.538712,4.410254,9.854836
221093833094133,ACC,0.263370,4.474900,10.015251
221093832490840,MAG,26.039999,-9.360000,-41.099998
221093835094099,ACC,0.124502,4.484477,10.096657
221093837094065,ACC,-0.184359,4.486871,10.259467
221093839094065,ACC,-0.335198,4.470111,10.324113
221093841094031,ACC,-0.598569,4.393494,10.412702
221093843093997,ACC,-0.823631,4.319272,10.398335
221093842489773,MAG,26.099998,-9.120000,-41.099998
221093845093963,ACC,-0.919402,4.273780,10.403124
221093847093929,ACC,-1.087001,4.192375,10.441432
221093849093895,ACC,-1.247417,4.110970,10.491713
221093851093861,ACC,-1.307274,4.079844,10.527626
221093853093827,ACC,-1.398257,4.043930,10.611426
221093852488773,MAG,26.400000,-9.480000,-41.340000
221093855093760,ACC,-1.410228,4.036747,10.697619
221093857093693,ACC,-1.410228,4.039142,10.735929
221093859093626,ACC,-1.381497,4.039142,10.721562
221093861093559,ACC,-1.359948,3.998439,10.640158
221093863093492,ACC,-1.362342,3.962525,10.515655
221093862487839,MAG,26.459999,-9.179999,-40.919998
221093865093525,ACC,-1.352765,3.943371,10.441432
221093867093458,ACC,-1.340794,3.897879,10.247497
221093869093391,ACC,-1.357554,3.864360,10.149331
221093871093324,ACC,-1.415016,3.806897,9.929058
221093873093190,ACC,-1.515576,3.749434,9.747093
221093872486839,MAG,26.639999,-9.059999,-41.459999
221093875093056,ACC,-1.580221,3.711126,9.658504
221093877092922,ACC,-1.738243,3.656058,9.457385
221093879092788,ACC,-1.936968,3.605778,9.284998
221093881092654,ACC,-2.157242,3.572258,9.124581
221093883092520,ACC,-2.358361,3.488458,9.000079
221093882485905,MAG,26.519999,-9.420000,-41.520000
221093885092420,ACC,-2.444555,3.471699,8.949800
221093887092253,ACC,-2.590605,3.419024,8.858817
221093889092086,ACC,-2.650462,3.402265,8.810931
221093891091919,ACC,-2.710319,3.359168,8.739103
221093893091752,ACC,-2.765387,3.332830,8.664881
221093892484971,MAG,26.879999,-8.760000,-40.919998
221093895091585,ACC,-2.796513,3.311282,8.619390
221093897091418,ACC,-2.870735,3.284945,8.494887
221093899091251,ACC,-2.940170,3.270579,8.411087
221093901091117,ACC,-3.007209,3.265791,8.375174
221093903090917,ACC,-3.143683,3.241848,8.329682
221093902483971,MAG,26.939999,-8.880000,-41.040001
221093905090717,ACC,-3.268185,3.210722,8.298556
221093907090517,ACC,-3.330436,3.186780,8.303345
221093909090317,ACC,-3.454939,3.162837,8.353624
221093911090117,ACC,-3.545921,3.148471,8.415876
221093913089917,ACC,-3.569864,3.170020,8.511647
221093912483037,MAG,26.820000,-8.940000,-40.799999
221093915089717,ACC,-3.557892,3.174809,8.588264
221093917089517,ACC,-3.495641,3.205934,8.743892
221093919089250,ACC,-3.395082,3.256214,8.916280
221093921088983,ACC,-3.318465,3.287339,8.997684
221093923088716,ACC,-3.143683,3.344802,9.117398
221093922482103,MAG,27.059999,-8.820000,-40.799999
221093925088349,ACC,-3.062278,3.373533,9.160496
221093927088082,ACC,-2.897073,3.435784,9.194016
221093929087815,ACC,-2.748627,3.490853,9.210775
221093931087548,ACC,-2.609760,3.521978,9.227535
221093933087348,ACC,-2.502017,3.574652,9.284998
221093932481169,MAG,26.939999,-9.360000,-40.980000
221093935087081,ACC,-2.446949,3.586624,9.325701
221093937086814,ACC,-2.351178,3.603384,9.383162
221093939086547,ACC,-2.303292,3.617749,9.404712
221093941086280,ACC,-2.200339,3.627326,9.476540
221093943086013,ACC,-2.087808,3.589018,9.601042
221093942480235,MAG,27.000000,-9.360000,-40.919998
221093945085746,ACC,-2.039922,3.574652,9.656111
221093947085546,ACC,-1.927391,3.521978,9.790190
221093949085346,ACC,-1.822043,3.447756,9.924269
221093951085079,ACC,-1.769369,3.409447,9.976943
221093953084812,ACC,-1.675992,3.340013,10.024829
221093952479301,MAG,27.299999,-9.599999,-41.219997
221093955084545,ACC,-1.616135,3.261002,10.077502
221093957084278,ACC,-1.577827,3.213117,10.094262
221093959084011,ACC,-1.517970,3.095797,10.099051
221093961083744,ACC,-1.489239,3.035940,10.072714
221093963083544,ACC,-1.462902,2.942564,10.060742
221093962478367,MAG,27.359999,-9.420000,-41.219997
221093965083344,ACC,-1.453325,2.904255,10.046377
221093967083077,ACC,-1.472479,2.877918,10.015251
221093969082810,ACC,-1.484450,2.856370,9.998491
221093971082543,ACC,-1.520365,2.861158,9.941029
221093973082276,ACC,-1.556279,2.868341,9.883567
221093972477433,MAG,27.420000,-9.480000,-41.520000
221093975082009,ACC,-1.582616,2.863553,9.833286
221093977081742,ACC,-1.613741,2.851581,9.735122
221093979081542,ACC,-1.649655,2.839610,9.658504
221093981081275,ACC,-1.673598,2.839610,9.617802
221093983081008,ACC,-1.774158,2.849187,9.534002
221093982476433,MAG,27.420000,-9.599999,-41.820000
221093985080741,ACC,-1.795706,2.861158,9.510059
221093987080474,ACC,-1.843592,2.870735,9.478934
221093989080207,ACC,-1.860352,2.865947,9.399923
221093991079940,ACC,-1.910631,2.851581,9.292180
221093993079673,ACC,-1.968094,2.801301,9.184438
221093992475499,MAG,27.420000,-9.900000,-41.279999
221093995079473,ACC,-1.994431,2.767782,9.131764
221093997079206,ACC,-2.049499,2.703136,9.035994
221093999078939,ACC,-2.090202,2.633702,8.983319
221094001078672,ACC,-2.111750,2.595394,8.961771
221094003078405,ACC,-2.150059,2.537931,8.937828
221094002474565,MAG,27.840000,-10.380000,-41.340000
221094005078138,ACC,-2.138088,2.502017,8.949800
221094007077871,ACC,-2.121327,2.475680,8.964165
221094009077604,ACC,-2.138088,2.399063,9.016839
221094011077404,ACC,-2.159636,2.334418,9.110215
221094013077137,ACC,-2.212310,2.274561,9.244295
221094012473565,MAG,27.779999,-10.620000,-41.279999
221094015076870,ACC,-2.245830,2.233858,9.335278
221094017076603,ACC,-2.320052,2.130905,9.543579
221094019076336,ACC,-2.370332,2.087808,9.648928
221094021076069,ACC,-2.511594,2.004008,9.783007
221094023075802,ACC,-2.657645,1.936968,9.873989
221094022472631,MAG,27.539999,-10.740000,-41.160000
221094025075535,ACC,-2.748627,1.905843,9.905115
221094027075335,ACC,-2.937775,1.867534,9.936240
221094029075068,ACC,-3.102980,1.855563,9.955395
221094031074801,ACC,-3.177203,1.860352,9.948212
221094033074534,ACC,-3.368745,1.917814,9.873989
221094032471697,MAG,27.480000,-10.620000,-41.279999
221094035074267,ACC,-3.402265,1.948940,9.833286
221094037074000,ACC,-3.426207,1.972882,9.780613
221094039073733,ACC,-3.464516,2.037528,9.687236
221094041073533,ACC,-3.469304,2.087808,9.598648
221094043073333,ACC,-3.488458,2.147665,9.505271
221094042470763,MAG,26.879999,-10.920000,-40.799999
221094045073066,ACC,-3.486064,2.169213,9.462174
221094047072799,ACC,-3.493247,2.202733,9.397529
221094049072532,ACC,-3.495641,2.205127,9.325701
221094051072265,ACC,-3.481276,2.214704,9.313729
221094053071998,ACC,-3.447756,2.233858,9.261055
221094052469829,MAG,27.000000,-11.460000,-40.500000
221094055071731,ACC,-3.392687,2.236253,9.220352
221094057071531,ACC,-3.359168,2.243435,9.205987
221094059071264,ACC,-3.296916,2.245830,9.162889
221094061070997,ACC,-3.215511,2.250618,9.115005
221094063070730,ACC,-3.110163,2.276955,9.052753
221094062468895,MAG,27.059999,-12.240000,-40.259998
221094065070463,ACC,-3.050306,2.279350,9.016839
221094067070196,ACC,-2.956929,2.274561,8.930645
221094069069929,ACC,-2.901861,2.272167,8.909097
221094071069662,ACC,-2.815667,2.281744,8.911490
221094073069462,ACC,-2.741445,2.298504,9.014444
221094072467961,MAG,27.059999,-12.780000,-39.540001
221094075069195,ACC,-2.710319,2.312870,9.059936
221094077068928,ACC,-2.655251,2.320052,9.191621
221094079068661,ACC,-2.631308,2.308081,9.311335
221094081068394,ACC,-2.633702,2.305687,9.371192
221094083068127,ACC,-2.674405,2.281744,9.589070
221094082466994,MAG,27.299999,-12.719999,-39.540001
221094085067860,ACC,-2.686376,2.274561,9.665688
221094087067593,ACC,-2.688771,2.269773,9.744699
221094089067393,ACC,-2.698348,2.274561,9.878778
221094091067126,ACC,-2.710319,2.276955,9.969760
221094093066859,ACC,-2.667222,2.308081,10.043983
221094092465960,MAG,27.359999,-12.900000,-39.540001
221094095066692,ACC,-2.645674,2.327235,10.065532
221094097066425,ACC,-2.621731,2.391881,10.122993
221094099066158,ACC,-2.535537,2.480469,10.173274
221094101065891,ACC,-2.494834,2.511594,10.192428
221094103065624,ACC,-2.418218,2.576240,10.237919
221094102464893,MAG,27.719999,-13.259999,-39.419998
221094105065424,ACC,-2.348783,2.652857,10.302565
221094107065157,ACC,-2.305687,2.686376,10.328901
221094109064890,ACC,-2.250618,2.724685,10.381576
221094111064623,ACC,-2.205127,2.753416,10.419884
221094113064356,ACC,-2.162030,2.777359,10.446221
221094112463759,MAG,27.719999,-13.380000,-39.599998
221094115064089,ACC,-2.140482,2.779753,10.462981
221094117063822,ACC,-2.111750,2.765387,10.484529
221094119063622,ACC,-2.109356,2.755810,10.503684
221094121063422,ACC,-2.099779,2.736656,10.556357
221094123063155,ACC,-2.078231,2.683982,10.606637
221094122462559,MAG,27.660000,-13.920000,-39.299999
221094125062888,ACC,-2.075836,2.652857,10.625792
221094127062621,ACC,-2.051893,2.569057,10.642551
221094129062354,ACC,-2.025557,2.470892,10.625792
221094131062087,ACC,-2.011191,2.430189,10.621003
221094133061820,ACC,-1.958517,2.267378,10.515655
221094132461392,MAG,27.480000,-13.980000,-38.879997
221094135061620,ACC,-1.953728,2.205127,10.498895
221094137061353,ACC,-1.944151,2.142876,10.486923
221094139061086,ACC,-1.946545,1.996825,10.477346
221094141060819,ACC,-1.951334,1.865140,10.498895
221094143060552,ACC,-1.999219,1.733455,10.546781
221094142460192,MAG,27.299999,-13.799999,-38.459999
221094145060285,ACC,-2.039922,1.675992,10.563540
221094147060018,ACC,-2.135693,1.577827,10.585089
221094149059751,ACC,-2.183579,1.525153,10.606637
221094151059551,ACC,-2.310475,1.417411,10.616215
221094153059284,ACC,-2.439766,1.326428,10.632975
221094152458925,MAG,27.480000,-14.160000,-38.399998
221094155058917,ACC,-2.571451,1.278543,10.616215
221094157058650,ACC,-2.643279,1.221080,10.599455
221094159058383,ACC,-2.755810,1.182772,10.558752
221094161058116,ACC,-2.880313,1.139675,10.525232
221094163057849,ACC,-3.011998,1.106155,10.453403
221094162457658,MAG,27.599998,-14.280000,-38.160000
221094165057582,ACC,-3.071855,1.094184,10.407912
221094167057382,ACC,-3.196357,1.063058,10.319324
221094169057115,ACC,-3.258608,1.041510,10.292988
221094171056848,ACC,-3.387899,1.027144,10.266650
221094173056581,ACC,-3.514795,1.019961,10.273833
221094172456391,MAG,27.840000,-14.639999,-38.160000
221094175056314,ACC,-3.555498,1.015172,10.288198
221094177056047,ACC,-3.658452,1.007990,10.360027
221094179055780,ACC,-3.739857,0.969681,10.424672
221094181055513,ACC,-3.759012,0.945739,10.453403
221094183055313,ACC,-3.838022,0.895459,10.525232
221094182455124,MAG,27.779999,-14.940000,-38.759998
221094185055046,ACC,-3.849994,0.840390,10.534809
221094187054779,ACC,-3.859571,0.804476,10.534809
221094189054512,ACC,-3.847600,0.711100,10.546781
221094191054245,ACC,-3.826051,0.636877,10.525232
221094193053978,ACC,-3.790137,0.557866,10.489318
221094192453857,MAG,27.959999,-15.240000,-38.520000
221094195053711,ACC,-3.754223,0.529135,10.467770
221094197053511,ACC,-3.691972,0.490826,10.429461
221094199053311,ACC,-3.663240,0.478855,10.400730
221094201053044,ACC,-3.569864,0.462095,10.348056
221094203052777,ACC,-3.481276,0.450124,10.295382
221094202452590,MAG,28.320000,-15.480000,-38.700001
221094205052510,ACC,-3.407053,0.426181,10.292988
221094207052243,ACC,-3.366350,0.371113,10.292988
221094209051976,ACC,-3.299311,0.316044,10.254679
221094211051709,ACC,-3.251425,0.256187,10.202005
221094213051509,ACC,-3.246637,0.191542,10.158908
221094212451323,MAG,28.379999,-15.599999,-38.639999
221094215051309,ACC,-3.258608,0.177176,10.137360
221094217051042,ACC,-3.320859,0.158022,10.008069
221094219050775,ACC,-3.385504,0.138868,9.804555
221094221050508,ACC,-3.440573,0.102954,9.682447
221094223050241,ACC,-3.596201,0.093377,9.454991
221094222450056,MAG,28.680000,-15.900000,-38.099998
221094225049974,ACC,-3.672817,0.088588,9.340066
221094227049707,ACC,-3.847600,0.079011,9.158101
221094229049507,ACC,-4.024776,0.083800,9.047964
221094231049240,ACC,-4.113364,0.079011,9.007262
221094233048973,ACC,-4.278569,0.057463,9.004868
221094232448722,MAG,28.680000,-16.199999,-38.279999
221094235048706,ACC,-4.424620,0.016760,9.074302
221094237048439,ACC,-4.496448,-0.009577,9.141341
221094239048172,ACC,-4.616162,-0.074223,9.282603
221094241047905,ACC,-4.692779,-0.136474,9.423865
221094243047638,ACC,-4.747847,-0.208302,9.615408
221094242447455,MAG,28.320000,-16.680000,-38.279999
221094245047471,ACC,-4.769395,-0.249005,9.706390
221094247047237,ACC,-4.800521,-0.296890,9.871595
221094249047003,ACC,-4.810098,-0.313650,9.964972
221094251046769,ACC,-4.848406,-0.337593,10.173274
221094253046535,ACC,-4.853195,-0.363930,10.386364
221094252446221,MAG,28.439999,-17.160000,-38.160000
221094255046301,ACC,-4.848406,-0.375901,10.494106
221094257046067,ACC,-4.817281,-0.383084,10.690437
221094259045833,ACC,-4.745453,-0.380690,10.879584
221094261045666,ACC,-4.652076,-0.371113,10.984933
221094263045432,ACC,-4.553911,-0.323227,11.396749
221094262444921,MAG,28.199999,-17.400000,-38.399998
221094265045198,ACC,-4.501236,-0.306467,11.535616
221094267044964,ACC,-4.376734,-0.258582,11.822929
221094269044730,ACC,-4.312089,-0.234639,11.961797
221094271044496,ACC,-4.166038,-0.205908,12.196436
221094273044262,ACC,-3.979285,-0.189148,12.366429
221094272443687,MAG,27.900000,-17.279999,-37.439999
221094275044028,ACC,-3.859571,-0.186753,12.419104
221094277043861,ACC,-3.596201,-0.184359,12.421497
221094279043627,ACC,-3.335225,-0.179571,12.395161
221094281043393,ACC,-3.196357,-0.179571,12.376006
221094283043159,ACC,-2.921015,-0.203513,12.311361
221094282442453,MAG,27.719999,-17.639999,-37.200001
221094285042925,ACC,-2.636096,-0.203513,12.210801
221094287042691,ACC,-2.487652,-0.220273,12.155733
221094289042457,ACC,-2.185973,-0.258582,12.074327
221094291042290,ACC,-1.893871,-0.282524,11.966585
221094293042123,ACC,-1.601770,-0.318439,11.868421
221094292441219,MAG,27.359999,-17.580000,-36.719997
221094295041889,ACC,-1.455719,-0.332804,11.803775
221094297041655,ACC,-1.166012,-0.375901,11.739129
221094299041421,ACC,-1.017567,-0.380690,11.729552
221094301041187,ACC,-0.730254,-0.435758,11.621810
221094303040987,ACC,-0.521952,-0.478855,11.435057
221094302440019,MAG,27.420000,-18.059999,-36.419998
221094305040720,ACC,-0.452518,-0.500403,11.332103
221094307040520,ACC,-0.337593,-0.536318,11.104647
221094309040253,ACC,-0.304073,-0.572232,10.805362
221094311039986,ACC,-0.311256,-0.593780,10.642551
221094313039719,ACC,-0.423787,-0.672791,10.101445
221094312438785,MAG,27.539999,-18.299999,-36.840000
221094315039452,ACC,-0.493221,-0.703917,9.924269
221094317039185,ACC,-0.660820,-0.732648,9.581888
221094319038918,ACC,-0.876305,-0.842785,9.282603
221094321038651,ACC,-1.003201,-0.888276,9.167678
221094323038451,ACC,-1.290514,-0.972076,9.004868
221094322437551,MAG,27.420000,-18.180000,-36.840000
221094325038184,ACC,-1.450930,-1.029538,8.949800
221094327037917,ACC,-1.776552,-1.197137,8.904308
221094329037650,ACC,-2.118933,-1.395862,8.945011
221094331037383,ACC,-2.276955,-1.510787,8.980925
221094333037116,ACC,-2.597788,-1.755003,9.158101
221094332436317,MAG,27.420000,-18.539999,-37.079998
221094335036849,ACC,-2.911438,-2.011191,9.380769
221094337036582,ACC,-3.067066,-2.128510,9.495694
221094339036382,ACC,-3.383110,-2.346389,9.787795
221094341036115,ACC,-3.699155,-2.552297,10.091868
221094343035848,ACC,-4.000833,-2.751022,10.386364
221094342435017,MAG,27.000000,-18.539999,-36.779999
221094345035581,ACC,-4.158855,-2.839610,10.525232
221094347035314,ACC,-4.455745,-3.000026,10.747900
221094349035047,ACC,-4.577853,-3.059883,10.831699
221094351034780,ACC,-4.824464,-3.110163,10.965778
221094353034513,ACC,-4.982486,-3.110163,11.047184
221094352433783,MAG,27.180000,-19.199999,-36.779999
221094355034279,ACC,-5.051920,-3.083826,11.063944
221094357034012,ACC,-5.097411,-2.995238,11.080704
221094359033745,ACC,-5.056708,-2.858764,11.083098
221094361033478,ACC,-4.984880,-2.760599,11.102252
221094363033178,ACC,-4.577853,-2.406246,11.198023
221094362432549,MAG,27.240000,-19.740000,-36.480000
221094365032911,ACC,-4.383917,-2.262590,11.250697
221094367032644,ACC,-4.170827,-2.094990,11.300977
221094369032444,ACC,-3.656058,-1.757398,11.387171
221094371032244,ACC,-3.083826,-1.431776,11.432662
221094373031977,ACC,-2.492440,-1.146858,11.466182
221094372431249,MAG,27.599998,-20.400000,-36.299999
221094375031710,ACC,-2.214704,-1.010384,11.456605
221094377031443,ACC,-1.668810,-0.744619,11.432662
221094379031176,ACC,-1.161223,-0.512375,11.356046
221094381030909,ACC,-0.936161,-0.414210,11.303371
221094383030642,ACC,-0.526740,-0.258582,11.138166
221094382430015,MAG,28.019999,-20.699999,-36.239998
221094385030442,ACC,-0.134079,-0.172388,10.963385
221094387030175,ACC,0.035914,-0.141262,10.870008
221094389029908,ACC,0.332804,-0.100560,10.676071
221094391029641,ACC,0.553077,-0.117319,10.489318
221094393029374,ACC,0.694340,-0.167599,10.319324
221094392428781,MAG,27.599998,-21.000000,-36.299999
221094395029107,ACC,0.720677,-0.203513,10.235525
221094397028840,ACC,0.720677,-0.299284,10.058349
221094399028573,ACC,0.675186,-0.395055,9.938635
221094401028373,ACC,0.632089,-0.440547,9.900327
221094403028106,ACC,0.502798,-0.536318,9.871595
221094402427481,MAG,27.180000,-20.879999,-36.239998
221094405027839,ACC,0.428575,-0.574626,9.871595
221094407027572,ACC,0.282524,-0.670397,9.862018
221094409027305,ACC,0.126897,-0.727860,9.799767
221094411027038,ACC,0.043097,-0.761379,9.732727
221094413026771,ACC,-0.155628,-0.861939,9.443020
221094412426247,MAG,26.279999,-20.760000,-36.419998
221094415026537,ACC,-0.232245,-0.881093,9.438231
221094417026337,ACC,-0.299284,-0.895459,9.469357
221094419026070,ACC,-0.380690,-0.962498,9.682447
221094421025803,ACC,-0.428575,-1.065452,10.022434
221094423025536,ACC,-0.490826,-1.240234,10.508472
221094422425013,MAG,25.920000,-20.580000,-36.599998
221094425025269,ACC,-0.555472,-1.338400,10.810151
221094427025002,ACC,-0.735042,-1.585010,11.365623
221094429024735,ACC,-0.960104,-1.843592,11.851661
221094431024468,ACC,-1.091789,-1.982460,12.059962
221094433024268,ACC,-1.398257,-2.238647,12.407132
221094432423779,MAG,25.500000,-20.459999,-36.299999
221094435024001,ACC,-1.714301,-2.490046,12.672896
221094437023734,ACC,-1.879506,-2.612154,12.756696
221094439023467,ACC,-2.174001,-2.844398,12.818948
221094441023200,ACC,-2.387092,-3.038335,12.751907
221094443022933,ACC,-2.554691,-3.189174,12.589097
221094442422545,MAG,25.559999,-21.000000,-36.180000
221094445022666,ACC,-2.607365,-3.244242,12.478960
221094447022466,ACC,-2.667222,-3.313676,12.182070
221094449022266,ACC,-2.676799,-3.325648,12.016866
221094451021999,ACC,-2.614548,-3.311282,11.717581
221094453021732,ACC,-2.511594,-3.227483,11.466182
221094452421311,MAG,25.980000,-21.240000,-35.759998
221094455021465,ACC,-2.430189,-3.160443,11.353651
221094457021198,ACC,-2.236253,-3.009604,11.145350
221094459020931,ACC,-2.011191,-2.846793,10.968173
221094461020664,ACC,-1.901054,-2.770176,10.884374
221094463020464,ACC,-1.527547,-2.542720,10.611426
221094462420077,MAG,26.160000,-22.080000,-35.219997
221094465020264,ACC,-1.398257,-2.475680,10.494106
221094467019997,ACC,-1.283331,-2.406246,10.383970
221094469019730,ACC,-1.048692,-2.293715,10.180456
221094471019463,ACC,-0.809265,-2.238647,10.005674
221094473019196,ACC,-0.593780,-2.214704,9.835681
221094472418843,MAG,26.639999,-22.619999,-35.099998
221094475018929,ACC,-0.517163,-2.219493,9.773430
221094477018662,ACC,-0.375901,-2.274561,9.653716
221094479018462,ACC,-0.289707,-2.320052,9.567522
221094481018195,ACC,-0.268159,-2.434978,9.402317
221094483017928,ACC,-0.270553,-2.607365,9.280210
221094482417543,MAG,26.939999,-22.500000,-34.980000
221094485017661,ACC,-0.328016,-2.772570,9.198804
221094487017394,ACC,-0.378295,-2.863553,9.172467
221094489017127,ACC,-0.521952,-3.045517,9.129370
221094491016860,ACC,-0.672791,-3.229877,9.079090
221094493016593,ACC,-0.794899,-3.414236,9.050359
221094492416309,MAG,27.000000,-23.219999,-34.559998
221094495016393,ACC,-0.830813,-3.502824,9.026416
221094497016126,ACC,-0.881093,-3.651269,8.995291
221094499015859,ACC,-0.912219,-3.794926,8.966559
221094501015592,ACC,-0.926584,-3.859571,8.952193
221094503015325,ACC,-0.914613,-3.948159,8.942616
221094502415075,MAG,26.939999,-23.279999,-34.559998
221094505015058,ACC,-0.919402,-3.993650,8.935433
221094507014958,ACC,-0.912219,-4.036747,8.897125
221094509014691,ACC,-0.917007,-4.043930,8.854029
221094511014491,ACC,-0.924190,-4.027170,8.830086
221094513014224,ACC,-0.938556,-4.003228,8.796566
221094512413775,MAG,26.699999,-23.340000,-34.079998
221094515013957,ACC,-0.948133,-3.979285,8.772623
221094517013690,ACC,-0.955316,-3.960130,8.753469
221094519013423,ACC,-0.998413,-3.926611,8.676852
221094521013156,ACC,-1.065452,-3.921822,8.657698
221094523012889,ACC,-1.106155,-3.931399,8.679246
221094522412541,MAG,26.939999,-23.820000,-33.540001
221094525012622,ACC,-1.132492,-3.950553,8.741497
221094527012422,ACC,-1.187560,-4.000833,8.909097
221094529012155,ACC,-1.221080,-4.031959,8.995291
221094531011888,ACC,-1.276148,-4.113364,9.172467
221094533011621,ACC,-1.321640,-4.187587,9.344854
221094532411307,MAG,26.760000,-23.760000,-33.719997
221094535011354,ACC,-1.319245,-4.228289,9.545974
221094537011087,ACC,-1.316851,-4.314483,9.648928
221094539010820,ACC,-1.283331,-4.374340,9.869201
221094541010620,ACC,-1.252206,-4.407860,10.079897
221094543010420,ACC,-1.175589,-4.407860,10.312141
221094542410073,MAG,27.059999,-24.000000,-33.719997
221094545010153,ACC,-1.137281,-4.386312,10.436644
221094547009886,ACC,-1.041510,-4.319272,10.635368
221094549009619,ACC,-0.964893,-4.273780,10.714379
221094551009352,ACC,-0.758985,-4.142096,10.848459
221094553009085,ACC,-0.466884,-4.000833,10.925076
221094552408806,MAG,27.119999,-24.059999,-34.259998
221094555008818,ACC,-0.301679,-3.919428,10.934653
221094557008618,ACC,0.074223,-3.732674,10.922682
221094559008351,ACC,0.430969,-3.545921,10.949018
221094561008084,ACC,0.612934,-3.464516,10.977750
221094563007817,ACC,1.108549,-3.316071,11.040001
221094562407539,MAG,26.580000,-24.299999,-34.439999
221094565007550,ACC,1.268966,-3.167626,11.138166
221094567007116,ACC,1.424594,-3.100586,11.188446
221094569006849,ACC,1.697541,-2.985661,11.308160
221094571006582,ACC,1.915420,-2.885101,11.435057
221094573006382,ACC,2.116539,-2.806090,11.538011
221094572406272,MAG,26.099998,-24.240000,-34.500000
221094575006115,ACC,2.221887,-2.779753,11.585896
221094577005848,ACC,2.401458,-2.731868,11.684061
221094579005581,ACC,2.521171,-2.695953,11.741524
221094581005314,ACC,2.561874,-2.688771,11.765467
221094583005047,ACC,2.621731,-2.681588,11.834900
221094582405005,MAG,24.959999,-24.000000,-34.739998
221094585004780,ACC,2.614548,-2.681588,11.868421
221094587004513,ACC,2.595394,-2.710319,11.930672
221094589004313,ACC,2.511594,-2.707925,12.004894
221094591004046,ACC,2.423006,-2.710319,12.031231
221094593003779,ACC,2.372726,-2.686376,12.033626
221094592403671,MAG,24.119999,-24.240000,-34.739998
221094595003512,ACC,2.355966,-2.672011,12.026443
221094597003245,ACC,2.312870,-2.633702,11.985740
221094599002978,ACC,2.305687,-2.614548,11.947432
221094601002711,ACC,2.310475,-2.573845,11.887574
221094603002444,ACC,2.305687,-2.523566,11.825323
221094602402371,MAG,23.459999,-24.240000,-34.919998
221094605002244,ACC,2.286532,-2.497229,11.777438
221094607001977,ACC,2.250618,-2.425400,11.679273
221094609001710,ACC,2.219493,-2.351178,11.542799
221094611001443,ACC,2.193156,-2.303292,11.490125
221094613001176,ACC,2.106962,-2.214704,11.351257
221094612401104,MAG,22.859999,-24.480000,-34.980000
221094615000876,ACC,2.039922,-2.150059,11.209994
221094617000609,ACC,1.987248,-2.126116,11.140561
221094619000409,ACC,1.874717,-2.083019,10.960990
221094621000209,ACC,1.726272,-2.049499,10.790997
221094622999942,ACC,1.592193,-2.039922,10.659311
221094622399770,MAG,22.980000,-24.480000,-34.559998
221094624999675,ACC,1.517970,-2.037528,10.601849
221094626999408,ACC,1.333611,-2.056682,10.530021
221094628999141,ACC,1.237840,-2.066259,10.498895
221094630998874,ACC,1.072635,-2.106962,10.429461
221094632998607,ACC,0.890670,-2.159636,10.362421
221094632398503,MAG,22.859999,-24.359999,-34.739998
221094634998373,ACC,0.799688,-2.193156,10.319324
221094636998173,ACC,0.608146,-2.255407,10.247497
221094638997939,ACC,0.421392,-2.308081,10.173274
221094640997705,ACC,0.227456,-2.334418,10.122993
221094642997471,ACC,0.028731,-2.432583,9.962578
221094642397269,MAG,22.980000,-24.420000,-34.739998
221094644997237,ACC,-0.069434,-2.468497,9.905115
221094646997003,ACC,-0.256187,-2.523566,9.797373
221094648996769,ACC,-0.337593,-2.645674,9.747093
221094650996602,ACC,-0.476461,-2.782147,9.644139
221094652996368,ACC,-0.548289,-2.930592,9.498088
221094652395969,MAG,23.459999,-24.539999,-34.380001
221094654996101,ACC,-0.565049,-3.014392,9.426260
221094656995867,ACC,-0.519558,-3.181991,9.256267
221094658995633,ACC,-0.459701,-3.313676,9.117398
221094660995399,ACC,-0.421392,-3.368745,9.047964
221094662995165,ACC,-0.328016,-3.490853,8.901914
221094662394735,MAG,23.939999,-24.900000,-33.719997
221094664994931,ACC,-0.244216,-3.579441,8.772623
221094666994764,ACC,-0.196331,-3.608172,8.707977
221094668994530,ACC,-0.079011,-3.665635,8.561927
221094670994296,ACC,0.035914,-3.677606,8.399116
221094672994062,ACC,0.126897,-3.711126,8.250671
221094672393501,MAG,24.180000,-25.320000,-33.239998
221094674993862,ACC,0.162811,-3.701549,8.142929
221094676993628,ACC,0.232245,-3.694366,7.960964
221094678993394,ACC,0.292102,-3.694366,7.836462
221094680993160,ACC,0.332804,-3.691972,7.790970
221094682992993,ACC,0.375901,-3.672817,7.707170
221094682392267,MAG,24.660000,-25.559999,-32.759998
221094684992759,ACC,0.395055,-3.660846,7.678439
221094686992525,ACC,0.462095,-3.610566,7.668862
221094688992291,ACC,0.562655,-3.569864,7.731113
221094690992057,ACC,0.624906,-3.538738,7.767027
221094692991823,ACC,0.823631,-3.428602,7.917867
221094692391033,MAG,25.080000,-25.980000,-32.700001
221094694991623,ACC,0.893064,-3.395082,7.977724
221094696991389,ACC,1.077424,-3.361562,8.037580
221094698991189,ACC,1.170800,-3.280156,8.159689
221094700990922,ACC,1.340794,-3.189174,8.257854
221094702990655,ACC,1.489239,-3.081432,8.332076
221094702389799,MAG,24.959999,-26.160000,-33.119999
221094704990388,ACC,1.561067,-3.035940,8.358414
221094706990121,ACC,1.664021,-2.923409,8.435030
221094708989854,ACC,1.750215,-2.806090,8.542772
221094710989587,ACC,1.783735,-2.739050,8.628966
221094712989387,ACC,1.855563,-2.585817,8.851634
221094712388565,MAG,25.019999,-25.920000,-32.759998
221094714989220,ACC,1.932180,-2.427795,9.086273
221094716988953,ACC,1.960911,-2.353572,9.215564
221094718988686,ACC,2.035134,-2.200339,9.474146
221094720988419,ACC,2.142876,-2.063865,9.687236
221094722988152,ACC,2.253013,-1.941757,9.838076
221094722387331,MAG,24.660000,-25.980000,-33.239998
221094724987885,ACC,2.296109,-1.896266,9.881172
221094726987618,ACC,2.358361,-1.798100,9.941029
221094728987418,ACC,2.406246,-1.747821,9.964972
221094730987151,ACC,2.454132,-1.654444,10.015251
221094732986884,ACC,2.470892,-1.546702,10.072714
221094732386031,MAG,24.240000,-25.199999,-33.480000
221094734986617,ACC,2.466103,-1.486845,10.101445
221094736986350,ACC,2.425400,-1.369525,10.175668
221094738986083,ACC,2.384698,-1.237840,10.247497
221094740985816,ACC,2.341601,-1.163618,10.269045
221094742985549,ACC,2.185973,-0.926584,10.328901
221094742384797,MAG,24.240000,-24.900000,-33.540001
221094744985349,ACC,2.116539,-0.852362,10.345661
221094746985082,ACC,2.049499,-0.790111,10.369604
221094748984815,ACC,1.896266,-0.653637,10.400730
221094750984548,ACC,1.757398,-0.526740,10.436644
221094752984281,ACC,1.608953,-0.442941,10.429461
221094752383563,MAG,24.000000,-24.840000,-33.959999
221094754984014,ACC,1.532336,-0.411815,10.434250
221094756983747,ACC,1.448536,-0.363930,10.448615
221094758983513,ACC,1.386285,-0.316044,10.520444
221094760983313,ACC,1.371920,-0.316044,10.570724
221094762983046,ACC,1.331217,-0.308861,10.656918
221094762382263,MAG,23.760000,-24.480000,-33.719997
221094764982779,ACC,1.295303,-0.308861,10.752688
221094766982512,ACC,1.268966,-0.306467,10.793391
221094768982245,ACC,1.228263,-0.299284,10.870008
221094770981978,ACC,1.199532,-0.272947,10.944230
221094772981711,ACC,1.166012,-0.193936,10.987327
221094772381029,MAG,24.119999,-24.719999,-33.840000
221094774981444,ACC,1.154040,-0.148445,11.006481
221094776981244,ACC,1.158829,-0.074223,11.028029
221094778980977,ACC,1.161223,-0.035914,11.025636
221094780980710,ACC,1.192349,0.055068,10.992116
221094782980443,ACC,1.213897,0.117319,10.963385
221094782379795,MAG,24.000000,-24.660000,-34.200001
221094784980176,ACC,1.230657,0.146051,10.958596
221094786979909,ACC,1.276148,0.191542,10.949018
221094788979642,ACC,1.292908,0.234639,10.941835
221094790979442,ACC,1.288120,0.251399,10.941835
221094792979242,ACC,1.268966,0.260976,10.929865
221094792378561,MAG,23.760000,-24.539999,-34.439999
221094794978975,ACC,1.249811,0.263370,10.944230
221094796978708,ACC,1.233052,0.265765,10.958596
221094798978441,ACC,1.206715,0.272947,10.989721
221094800978174,ACC,1.175589,0.246610,11.042396
221094802977907,ACC,1.187560,0.237033,11.109435
221094802377327,MAG,24.420000,-24.299999,-34.680000
221094804977640,ACC,1.209109,0.217879,11.140561
221094806977440,ACC,1.223474,0.148445,11.209994
221094808977173,ACC,1.237840,0.112531,11.260275
221094810976906,ACC,1.237840,0.033520,11.277035
221094812976639,ACC,1.194743,-0.062251,11.315343
221094812376093,MAG,24.180000,-24.000000,-34.559998
221094814976372,ACC,1.120521,-0.167599,11.327314
221094816976105,ACC,1.070241,-0.232245,11.339286
221094818975805,ACC,0.967287,-0.342381,11.372806
221094820975538,ACC,0.861939,-0.416604,11.447028
221094822975338,ACC,0.768562,-0.466884,11.518856
221094822374859,MAG,24.600000,-23.879999,-34.619999
221094824975071,ACC,0.713494,-0.481249,11.545193
221094826974804,ACC,0.620117,-0.495615,11.595473
221094828974537,ACC,0.574626,-0.495615,11.633781
221094830974270,ACC,0.464489,-0.486038,11.708004
221094832974003,ACC,0.368718,-0.454912,11.755889
221094832373625,MAG,25.379999,-23.760000,-34.559998
221094834973736,ACC,0.337593,-0.421392,11.748707
221094836973469,ACC,0.270553,-0.335198,11.710398
221094838973269,ACC,0.241822,-0.244216,11.655330
221094840973002,ACC,0.241822,-0.179571,11.617022
221094842972735,ACC,0.313650,0.007183,11.451817
221094842372325,MAG,24.959999,-23.639999,-34.320000
221094844972468,ACC,0.354353,0.083800,11.401537
221094846972201,ACC,0.404632,0.158022,11.363228
221094848971934,ACC,0.517163,0.301679,11.260275
221094850971667,ACC,0.636877,0.438152,11.164503
221094852971400,ACC,0.773351,0.560260,11.073521
221094852371091,MAG,25.080000,-23.219999,-34.559998
221094854971200,ACC,0.830813,0.620117,11.025636
221094856970933,ACC,0.981653,0.725465,10.960990
221094858970666,ACC,1.120521,0.799688,10.908316
221094860970399,ACC,1.194743,0.833208,10.872402
221094862970132,ACC,1.379102,0.888276,10.788602
221094862369857,MAG,24.840000,-22.980000,-34.439999
221094864969865,ACC,1.541913,0.917007,10.723957
221094866969598,ACC,1.618530,0.976864,10.695226
221094868969398,ACC,1.776552,1.007990,10.656918
221094870969198,ACC,1.920208,1.036721,10.599455
221094872968964,ACC,2.056682,1.063058,10.573117
221094872368590,MAG,24.840000,-22.859999,-34.259998
221094874968730,ACC,2.130905,1.079818,10.570724
221094876968496,ACC,2.274561,1.120521,10.563540
221094878968262,ACC,2.420612,1.180377,10.551569
221094880968028,ACC,2.494834,1.204320,10.530021
221094882967794,ACC,2.660039,1.268966,10.451010
221094882367390,MAG,25.680000,-22.859999,-34.799999
221094884967627,ACC,2.743839,1.295303,10.391152
221094886967460,ACC,2.904255,1.347977,10.249890
221094888967260,ACC,3.064672,1.410228,10.115811
221094890967060,ACC,3.158048,1.436565,10.051166
221094892966860,ACC,3.428602,1.489239,9.902720
221094892366223,MAG,25.920000,-22.980000,-34.739998
221094894966660,ACC,3.517190,1.520365,9.866806
221094896966460,ACC,3.617749,1.529942,9.838076
221094898966260,ACC,3.821263,1.517970,9.806950
221094900966126,ACC,3.976891,1.520365,9.806950
221094902965992,ACC,4.115758,1.491633,9.852441
221094902365056,MAG,26.219999,-22.680000,-34.739998
221094904965858,ACC,4.173221,1.482056,9.893144
221094906965724,ACC,4.228289,1.441353,9.969760
221094908965590,ACC,4.235472,1.434171,10.008069
221094910965456,ACC,4.225895,1.436565,10.103840
221094912965322,ACC,4.144490,1.453325,10.202005
221094912363956,MAG,26.160000,-22.320000,-34.739998
221094914965188,ACC,3.988862,1.458113,10.240314
221094916965121,ACC,3.907456,1.491633,10.321719
221094918964987,ACC,3.694366,1.517970,10.345661
221094920964853,ACC,3.440573,1.505999,10.371999
221094922964719,ACC,3.167626,1.505999,10.395941
221094922362856,MAG,26.160000,-21.840000,-34.320000
221094924964585,ACC,3.040729,1.496422,10.412702
221094926964418,ACC,2.796513,1.503605,10.448615
221094928964284,ACC,2.669616,1.494027,10.470163
221094930964150,ACC,2.439766,1.489239,10.518049
221094932964050,ACC,2.205127,1.486845,10.616215
221094932361756,MAG,26.400000,-21.480000,-34.680000
221094934963883,ACC,2.099779,1.491633,10.661706
221094936963716,ACC,1.877111,1.510787,10.721562
221094938963549,ACC,1.637684,1.510787,10.783813
221094940963382,ACC,1.508393,1.505999,10.810151
221094942963215,ACC,1.235446,1.479662,10.843671
221094942360622,MAG,26.639999,-20.760000,-34.919998
221094944963048,ACC,1.005595,1.460508,10.850853
221094946962881,ACC,0.895459,1.462902,10.826911
221094948962747,ACC,0.701523,1.489239,10.764660
221094950962547,ACC,0.531529,1.503605,10.659311
221094952962347,ACC,0.402238,1.525153,10.537204
221094952359488,MAG,27.180000,-20.400000,-35.340000
221094954962147,ACC,0.366324,1.532336,10.470163
221094956961947,ACC,0.308861,1.551490,10.281016
221094958961747,ACC,0.296890,1.556279,10.180456
221094960961547,ACC,0.313650,1.582616,9.955395
221094962961347,ACC,0.361535,1.604164,9.711179
221094962358354,MAG,27.539999,-20.039999,-35.399998
221094964961147,ACC,0.409421,1.601770,9.591465
221094966960880,ACC,0.512375,1.592193,9.332883
221094968960613,ACC,0.644060,1.599376,9.105427
221094970960346,ACC,0.792505,1.599376,8.935433
221094972960079,ACC,0.988836,1.668810,8.863605
221094972357220,MAG,27.660000,-19.740000,-35.700001
221094974959812,ACC,1.089395,1.695147,8.822903
221094976959545,ACC,1.268966,1.757398,8.727132
221094978959345,ACC,1.357554,1.788523,8.688824
221094980959078,ACC,1.527547,1.869929,8.583475
221094982958811,ACC,1.690358,1.982460,8.425453
221094982356020,MAG,27.719999,-19.799999,-35.820000
221094984958544,ACC,1.766975,2.042316,8.348836
221094986958410,ACC,1.910631,2.183579,8.197997
221094988958143,ACC,2.030345,2.339206,8.032792
221094990957876,ACC,2.078231,2.415823,7.948992
221094992957609,ACC,2.169213,2.557086,7.783787
221094992354886,MAG,27.599998,-19.740000,-36.000000
221094994957409,ACC,2.243435,2.705531,7.654497
221094996957142,ACC,2.293715,2.779753,7.601822
221094998956875,ACC,2.379909,2.911438,7.532389
221095000956608,ACC,2.461314,3.016786,7.513234
221095002956341,ACC,2.542720,3.093403,7.522811
221095002353752,MAG,27.420000,-19.559999,-36.360001
221095004956074,ACC,2.585817,3.117346,7.553937
221095006955807,ACC,2.693559,3.136500,7.671257
221095008955507,ACC,2.739050,3.129317,7.767027
221095010955307,ACC,2.856370,3.076643,7.987301
221095012955040,ACC,2.971295,3.009604,8.296163
221095012352552,MAG,27.719999,-19.260000,-35.520000
221095014954773,ACC,3.011998,2.956929,8.466156
221095016954506,ACC,3.064672,2.827639,8.810931
221095018954239,ACC,3.045517,2.736656,9.110215
221095020953972,ACC,3.026363,2.681588,9.237112
221095022953705,ACC,2.901861,2.576240,9.557945
221095022351418,MAG,28.019999,-19.199999,-35.219997
221095024953438,ACC,2.842004,2.564268,9.636956
221095026953238,ACC,2.691165,2.554691,9.749487
221095028952971,ACC,2.628914,2.554691,9.785401
221095030952704,ACC,2.487652,2.585817,9.859624
221095032952437,ACC,2.370332,2.624125,9.933846
221095032350284,MAG,28.559999,-18.719999,-34.919998
221095034952170,ACC,2.315264,2.650462,9.991309
221095036951903,ACC,2.219493,2.698348,10.134965
221095038951636,ACC,2.145270,2.746233,10.292988
221095040951436,ACC,2.097385,2.779753,10.379181
221095042951236,ACC,2.032739,2.873130,10.563540
221095042349150,MAG,28.980000,-18.119999,-34.919998
221095044950969,ACC,1.980065,2.956929,10.738322
221095046950602,ACC,1.958517,2.985661,10.824516
221095048950335,ACC,1.915420,3.081432,10.968173
221095050950068,ACC,1.862746,3.160443,11.080704
221095052949801,ACC,1.819649,3.275368,11.169292
221095052348016,MAG,28.920000,-17.100000,-35.579998
221095054949534,ACC,1.802889,3.330436,11.205206
221095056949334,ACC,1.762186,3.440573,11.238726
221095058949067,ACC,1.726272,3.567469,11.224360
221095060948800,ACC,1.723878,3.636904,11.224360
221095062948533,ACC,1.750215,3.768589,11.178869
221095062346882,MAG,28.920000,-16.080000,-35.939999
221095064948266,ACC,1.759792,3.814080,11.157321
221095066947999,ACC,1.819649,3.890697,11.109435
221095068947765,ACC,1.905843,3.917034,11.035213
221095070947498,ACC,1.960911,3.926611,10.972961
221095072947298,ACC,2.183579,3.893091,10.728745
221095072345748,MAG,28.920000,-15.000000,-36.779999
221095074947031,ACC,2.269773,3.861965,10.642551
221095076946764,ACC,2.348783,3.816474,10.549175
221095078946497,ACC,2.552297,3.699155,10.331296
221095080946230,ACC,2.731868,3.557892,10.111023
221095082945963,ACC,2.808484,3.409447,9.857229
221095082344614,MAG,29.160000,-14.040000,-37.139999
221095084945696,ACC,2.796513,3.323253,9.737515
221095086945429,ACC,2.698348,3.186780,9.529214
221095088945229,ACC,2.482863,3.074249,9.340066
221095090944962,ACC,2.341601,3.021575,9.268238
221095092944695,ACC,1.999219,2.921015,9.172467
221095092343414,MAG,29.639999,-13.320000,-37.200001
221095094944428,ACC,1.601770,2.844398,9.103033
221095096944161,ACC,1.403045,2.803696,9.052753
221095098943894,ACC,1.012778,2.686376,8.968953
221095100943627,ACC,0.668003,2.588211,8.885154
221095102943360,ACC,0.351958,2.470892,8.748680
221095102342280,MAG,30.000000,-12.660000,-37.500000
221095104943160,ACC,0.215485,2.418218,8.688824
221095106942893,ACC,-0.004789,2.298504,8.593052
221095108942626,ACC,-0.102954,2.226676,8.549955
221095110942359,ACC,-0.258582,2.054288,8.480521
221095112942092,ACC,-0.363930,1.903448,8.485310
221095112341146,MAG,30.000000,-11.880000,-37.439999
221095114941825,ACC,-0.387873,1.822043,8.499676
221095116941558,ACC,-0.418998,1.659232,8.585870
221095118941358,ACC,-0.423787,1.484450,8.729526
221095120941158,ACC,-0.411815,1.410228,8.839663
221095122940891,ACC,-0.320833,1.324034,9.241900
221095122339946,MAG,30.119999,-11.400000,-37.439999
221095124940624,ACC,-0.275342,1.316851,9.375980
221095126940357,ACC,-0.239427,1.321640,9.500483
221095128940090,ACC,-0.126897,1.407834,9.706390
221095130939823,ACC,0.011971,1.553884,9.809344
221095132939556,ACC,0.186753,1.757398,9.871595
221095132338812,MAG,30.000000,-11.160000,-37.860001
221095134939356,ACC,0.304073,1.872323,9.878778
221095136939156,ACC,0.550683,2.102173,9.840469
221095138938889,ACC,0.768562,2.363149,9.806950
221095140938622,ACC,0.876305,2.492440,9.794978
221095142938355,ACC,1.084607,2.772570,9.794978
221095142337678,MAG,29.879999,-11.040000,-38.340000
221095144938088,ACC,1.271360,3.038335,9.842864
221095146937821,ACC,1.343188,3.162837,9.845258
221095148937554,ACC,1.438959,3.385504,9.845258
221095150937354,ACC,1.307274,3.481276,9.909904
221095152937087,ACC,1.309668,3.507613,10.161303
221095152336478,MAG,30.000000,-11.460000,-38.579998
221095154936820,ACC,1.412622,3.593807,10.383970
221095156936553,ACC,1.635290,3.835628,10.807756
221095158936286,ACC,1.719089,3.960130,10.975356
221095160936019,ACC,1.824437,4.228289,11.195629
221095162935752,ACC,1.915420,4.479688,11.274640
221095162335344,MAG,29.879999,-11.400000,-38.700001
221095164935485,ACC,1.944151,4.604190,11.272245
221095166935285,ACC,1.987248,4.838830,11.186052
221095168935018,ACC,2.035134,5.004035,11.049579
221095170934751,ACC,2.049499,5.066286,10.968173
221095172934484,ACC,2.018374,5.164451,10.738322
221095172334177,MAG,29.879999,-11.040000,-38.759998
221095174934217,ACC,1.994431,5.171634,10.649734
221095176933950,ACC,1.953728,5.176422,10.573117
221095178933683,ACC,1.824437,5.159662,10.453403
221095180933416,ACC,1.656838,5.075862,10.388759
221095182933216,ACC,1.477268,4.941783,10.350450
221095182333010,MAG,30.059999,-10.980000,-38.399998
221095184932949,ACC,1.403045,4.848406,10.326508
221095186932682,ACC,1.285726,4.637710,10.237919
221095188932415,ACC,1.192349,4.515602,10.178062
221095190932148,ACC,1.166012,4.228289,10.003280
221095192931881,ACC,1.163618,3.938582,9.806950
221095192331810,MAG,30.480000,-10.740000,-38.160000
221095194931614,ACC,1.154040,3.615355,9.581888
221095196931347,ACC,1.149252,3.464516,9.498088
221095198931147,ACC,1.154040,3.150866,9.337671
221095200930880,ACC,1.122915,2.839610,9.225141
221095202930613,ACC,1.051087,2.528354,9.126976
221095202330543,MAG,30.779999,-10.500000,-38.279999
221095204930346,ACC,1.000807,2.367938,9.098245
221095206930079,ACC,0.881093,2.075836,9.012051
221095208929812,ACC,0.806871,1.934574,8.980925
221095210929545,ACC,0.624906,1.664021,8.961771
221095212929345,ACC,0.462095,1.431776,9.026416
221095212329276,MAG,30.900000,-10.860000,-38.160000
221095214929245,ACC,0.385478,1.326428,9.067119
221095216928978,ACC,0.246610,1.132492,9.074302
221095218928711,ACC,0.126897,0.979258,8.983319
221095220928444,ACC,0.057463,0.914613,8.906702
221095222928177,ACC,-0.102954,0.830813,8.688824
221095222328009,MAG,30.900000,-10.500000,-38.399998
221095224927910,ACC,-0.155628,0.826025,8.624178
221095226927643,ACC,-0.196331,0.859545,8.566715
221095228927443,ACC,-0.249005,0.979258,8.533195
221095230927176,ACC,-0.258582,1.213897,8.602630
221095232926909,ACC,-0.201119,1.498816,8.739103
221095232326675,MAG,30.480000,-10.559999,-38.520000
221095234926642,ACC,-0.153234,1.661627,8.849239
221095236926375,ACC,-0.035914,2.023162,9.115005
221095238926108,ACC,0.093377,2.370332,9.414289
221095240925841,ACC,0.143656,2.542720,9.562734
221095242925574,ACC,0.213090,2.856370,9.862018
221095242325408,MAG,30.179998,-10.559999,-38.459999
221095244925374,ACC,0.256187,3.016786,10.115811
221095246925107,ACC,0.253793,3.332830,10.211582
221095248924840,ACC,0.213090,3.648875,10.319324
221095250924573,ACC,0.138868,3.933794,10.395941
221095252924306,ACC,0.035914,4.242655,10.453403
221095252324141,MAG,29.879999,-10.500000,-38.279999
221095254924039,ACC,-0.043097,4.398283,10.465375
221095256923772,ACC,-0.246610,4.673625,10.431855
221095258923505,ACC,-0.344776,4.790944,10.391152
221095260923305,ACC,-0.591386,4.994457,10.269045
221095262923038,ACC,-0.852362,5.135719,10.079897
221095262322807,MAG,29.699999,-10.440000,-38.340000
221095264922771,ACC,-0.986441,5.188394,9.972155
221095266922504,ACC,-1.254600,5.229096,9.773430
221095268922237,ACC,-1.534730,5.241067,9.639350
221095270921970,ACC,-1.673598,5.224308,9.608225
221095272921703,ACC,-2.011191,5.178816,9.632168
221095272321540,MAG,29.639999,-10.080000,-38.340000
221095274921336,ACC,-2.123722,5.106988,9.768641
221095276921136,ACC,-2.226676,5.059103,9.864412
221095278920902,ACC,-2.415823,4.917840,10.118205
221095280920668,ACC,-2.552297,4.755030,10.405519
221095282920434,ACC,-2.652857,4.561093,10.640158
221095282320306,MAG,29.340000,-10.020000,-38.639999
221095284920200,ACC,-2.688771,4.467717,10.721562
221095286919966,ACC,-2.753416,4.254626,10.826911
221095288919732,ACC,-2.782147,4.144490,10.860431
221095290919565,ACC,-2.810879,3.919428,10.893950
221095292919398,ACC,-2.839610,3.711126,10.929865
221095292319072,MAG,29.160000,-9.719999,-39.239998
221095294919164,ACC,-2.844398,3.612961,10.941835
221095296918930,ACC,-2.832427,3.407053,10.987327
221095298918696,ACC,-2.822850,3.234665,11.054367
221095300918462,ACC,-2.810879,3.155654,11.123801
221095302918228,ACC,-2.765387,3.021575,11.111830
221095302317838,MAG,29.160000,-9.480000,-39.419998
221095304917994,ACC,-2.734262,2.985661,11.087887
221095306917827,ACC,-2.614548,2.947352,11.013664
221095308917593,ACC,-2.540326,2.956929,10.975356
221095310917359,ACC,-2.343995,2.976084,10.874796
221095312917125,ACC,-2.080625,3.021575,10.685649
221095312316604,MAG,28.680000,-8.940000,-39.719997
221095314916891,ACC,-1.941757,3.045517,10.551569
221095316916657,ACC,-1.620924,3.114952,10.240314
221095318916423,ACC,-1.300091,3.201145,9.859624
221095320916189,ACC,-1.144463,3.258608,9.651321
221095322916022,ACC,-0.828419,3.375927,9.239507
221095322315370,MAG,28.439999,-8.820000,-39.480000
221095324915788,ACC,-0.555472,3.478881,8.916280
221095326915554,ACC,-0.442941,3.533950,8.770228
221095328915320,ACC,-0.268159,3.644086,8.628966
221095330915086,ACC,-0.155628,3.759012,8.602630
221095332914852,ACC,-0.143656,3.871542,8.631361
221095332314136,MAG,28.260000,-8.880000,-39.360001
221095334914618,ACC,-0.148445,3.919428,8.648121
221095336914351,ACC,-0.205908,4.005622,8.676852
221095338914151,ACC,-0.249005,4.046324,8.698400
221095340913884,ACC,-0.335198,4.094210,8.719949
221095342986811,ACC,-0.409421,4.127730,8.700794
221095342386811,MAG,28.439999,-9.000000,-39.299999
221095344986544,ACC,-0.445335,4.125336,8.679246
221095346986277,ACC,-0.533923,4.113364,8.600235
221095348986010,ACC,-0.644060,4.075056,8.576292
221095350985743,ACC,-0.792505,4.043930,8.578687
221095352985476,ACC,-0.931373,3.996045,8.696006
221095352385577,MAG,28.740000,-8.940000,-39.299999
221095354985276,ACC,-1.027144,3.984073,8.789383
221095356985009,ACC,-1.237840,3.964919,9.021627
221095358984742,ACC,-1.376708,3.940976,9.129370
221095360984475,ACC,-1.680781,3.940976,9.318518
221095362984208,ACC,-2.004008,3.945765,9.443020
221095362384343,MAG,28.799999,-8.700000,-39.660000
221095364983941,ACC,-2.188367,3.967313,9.505271
221095366983674,ACC,-2.561874,4.017593,9.629773
221095368983474,ACC,-2.889890,4.098999,9.763853
221095370983274,ACC,-3.055095,4.142096,9.847652
221095372983007,ACC,-3.371139,4.225895,10.058349
221095372383043,MAG,29.099998,-8.099999,-39.419998
221095374982740,ACC,-3.632115,4.304906,10.314536
221095376982473,ACC,-3.773377,4.338426,10.431855
221095378982206,ACC,-4.055902,4.417437,10.673677
221095380981939,ACC,-4.290541,4.494054,10.963385
221095382981672,ACC,-4.479688,4.592219,11.238726
221095382381809,MAG,29.340000,-7.500000,-39.660000
221095384981472,ACC,-4.553911,4.649682,11.379988
221095386981272,ACC,-4.671230,4.738270,11.660118
221095388981005,ACC,-4.704750,4.783761,11.784620
221095390980738,ACC,-4.755030,4.872349,12.009683
221095392980471,ACC,-4.738270,4.941783,12.189253
221095392380575,MAG,29.340000,-7.260000,-39.480000
221095394980204,ACC,-4.683201,4.975303,12.249110
221095396979970,ACC,-4.544333,5.027977,12.330515
221095398979703,ACC,-4.333637,5.087834,12.344881
221095400979503,ACC,-4.204347,5.111777,12.325727
221095402979236,ACC,-3.770983,5.164451,12.244322
221095402379275,MAG,29.580000,-6.960000,-39.959999
221095404978969,ACC,-3.624932,5.176422,12.215590
221095406978702,ACC,-3.280156,5.181211,12.182070
221095408978435,ACC,-3.098191,5.233885,12.083905
221095410978168,ACC,-2.743839,5.245856,11.940248
221095412977901,ACC,-2.413429,5.241067,11.801380
221095412378041,MAG,29.760000,-6.660000,-39.959999
221095414977634,ACC,-2.264984,5.241067,11.743917
221095416977434,ACC,-2.044711,5.260222,11.679273
221095418977167,ACC,-1.908237,5.274588,11.636175
221095420976900,ACC,-1.879506,5.260222,11.628993
221095422976633,ACC,-1.869929,5.229096,11.605050
221095422376807,MAG,29.580000,-6.420000,-40.020000
221095424976366,ACC,-1.913026,5.217125,11.573924
221095426976099,ACC,-1.941757,5.202759,11.540404
221095428975832,ACC,-2.013585,5.193182,11.466182
221095430975565,ACC,-2.080625,5.202759,11.324920
221095432975365,ACC,-2.133299,5.185999,11.152532
221095432375573,MAG,29.820000,-6.300000,-40.200001
221095434975098,ACC,-2.138088,5.185999,11.066339
221095436974831,ACC,-2.164424,5.188394,10.908316
221095438974564,ACC,-2.174001,5.197970,10.817333
221095440974297,ACC,-2.164424,5.195576,10.654523
221095442974030,ACC,-2.183579,5.193182,10.520444
221095442374339,MAG,30.240000,-6.000000,-39.959999
221095444973763,ACC,-2.217098,5.169240,10.453403
221095446973496,ACC,-2.269773,5.121354,10.350450
221095448973296,ACC,-2.367938,5.075862,10.242707
221095450973029,ACC,-2.434978,5.042343,10.194822
221095452972762,ACC,-2.638491,4.946572,10.111023
221095452373105,MAG,30.240000,-6.000000,-40.259998
221095454972495,ACC,-2.710319,4.903475,10.099051
221095456972228,ACC,-2.774965,4.841224,10.077502
221095458971961,ACC,-2.877918,4.716722,10.010463
221095460971694,ACC,-2.973689,4.570671,9.926663
221095462971494,ACC,-3.026363,4.429409,9.878778
221095462371871,MAG,30.240000,-6.000000,-40.379997
221095464971294,ACC,-3.040729,4.362369,9.869201
221095466971027,ACC,-3.026363,4.221107,9.873989
221095468970760,ACC,-3.026363,4.122941,9.919480
221095470970493,ACC,-3.014392,4.079844,9.962578
221095472970226,ACC,-2.980872,4.015199,10.024829
221095472370637,MAG,30.359999,-5.820000,-40.739998
221095474969959,ACC,-2.956929,3.998439,10.106234
221095476969692,ACC,-2.949747,3.984073,10.166091
221095478969492,ACC,-2.937775,4.000833,10.328901
221095480969225,ACC,-2.930592,4.012805,10.486923
221095482968958,ACC,-2.932987,4.024776,10.623397
221095482369337,MAG,30.119999,-6.060000,-40.860001
221095484968691,ACC,-2.930592,4.029564,10.668888
221095486968424,ACC,-2.949747,4.046324,10.707197
221095488968157,ACC,-2.978478,4.046324,10.728745
221095490967890,ACC,-3.038335,4.075056,10.755082
221095492967623,ACC,-3.131711,4.101393,10.769448
221095492368103,MAG,29.580000,-6.300000,-41.219997
221095494967423,ACC,-3.179597,4.103787,10.759871
221095496967156,ACC,-3.239454,4.106181,10.702409
221095498966889,ACC,-3.304099,4.118153,10.587483
221095500966622,ACC,-3.347196,4.120547,10.508472
221095502966355,ACC,-3.407053,4.060690,10.230737
221095502366869,MAG,29.519999,-6.480000,-41.040001
221095504966088,ACC,-3.423813,4.034353,10.134965
221095506965821,ACC,-3.435784,4.000833,10.043983
221095508965554,ACC,-3.469304,3.921822,9.888355
221095510965354,ACC,-3.538738,3.826051,9.749487
221095512965087,ACC,-3.612961,3.706337,9.670476
221095512365569,MAG,29.219999,-6.720000,-40.799999
221095514964820,ACC,-3.648875,3.641692,9.651321
221095516964553,ACC,-3.715914,3.486064,9.601042
221095518964286,ACC,-3.797320,3.409447,9.620196
221095520964019,ACC,-3.857177,3.241848,9.636956
221095522963752,ACC,-3.969708,3.059883,9.696813
221095522364335,MAG,28.799999,-6.780000,-40.559998
221095524963485,ACC,-4.065479,2.904255,9.723150
221095526963285,ACC,-4.122941,2.832427,9.735122
221095528963018,ACC,-4.209135,2.674405,9.687236
221095530962751,ACC,-4.285752,2.525960,9.601042
221095532962484,ACC,-4.324060,2.411035,9.510059
221095532363101,MAG,28.920000,-6.780000,-40.619999
221095534962217,ACC,-4.321666,2.353572,9.450203
221095536961950,ACC,-4.309695,2.255407,9.280210
221095538961683,ACC,-4.264204,2.169213,9.107821
221095540961483,ACC,-4.230684,2.128510,9.021627
221095542961283,ACC,-4.168432,2.059076,8.873182
221095542361867,MAG,28.859999,-7.320000,-40.500000
221095544961016,ACC,-4.132518,2.023162,8.815720
221095546960749,ACC,-4.060690,1.963305,8.693612
221095548960482,ACC,-3.979285,1.915420,8.569110
221095550960215,ACC,-3.938582,1.884294,8.518829
221095552959948,ACC,-3.787743,1.843592,8.360807
221095552360633,MAG,28.680000,-7.860000,-40.439999
221095554959681,ACC,-3.754223,1.841197,8.324894
221095556959481,ACC,-3.713520,1.834015,8.293768
221095558959281,ACC,-3.627326,1.843592,8.245882
221095560959014,ACC,-3.577047,1.860352,8.207574
221095562958747,ACC,-3.505218,1.884294,8.171659
221095562359399,MAG,28.619999,-8.760000,-40.619999
221095564958480,ACC,-3.476487,1.891477,8.152506
221095566958213,ACC,-3.416630,1.896266,8.116591
221095568957946,ACC,-3.380716,1.903448,8.099832
221095570957679,ACC,-3.323253,1.896266,8.071100
221095572957479,ACC,-3.265791,1.886689,8.030397
221095572358165,MAG,28.619999,-9.599999,-40.259998
221095574957212,ACC,-3.217905,1.874717,8.028004
221095576956945,ACC,-3.210722,1.862746,8.051947
221095578956678,ACC,-3.217905,1.850774,8.126168
221095580956411,ACC,-3.241848,1.824437,8.248277
221095582956144,ACC,-3.335225,1.805283,8.403905
221095582356898,MAG,28.619999,-10.080000,-39.959999
221095584955877,ACC,-3.383110,1.788523,8.494887
221095586955610,ACC,-3.481276,1.745426,8.705584
221095588955410,ACC,-3.538738,1.728666,8.803748
221095590955143,ACC,-3.668029,1.683175,9.000079
221095592954876,ACC,-3.790137,1.635290,9.174861
221095592355564,MAG,28.740000,-10.380000,-39.899998
221095594954609,ACC,-3.835628,1.623318,9.244295
221095596954342,ACC,-3.914639,1.589798,9.352037
221095598954075,ACC,-3.936188,1.561067,9.433443
221095600953808,ACC,-3.919428,1.546702,9.464568
221095602953541,ACC,-3.821263,1.532336,9.488511
221095602354297,MAG,28.680000,-10.740000,-39.840000
221095604953341,ACC,-3.780560,1.537124,9.466963
221095606953074,ACC,-3.725492,1.522759,9.440625
221095608952807,ACC,-3.579441,1.491633,9.397529
221095610952540,ACC,-3.459727,1.474873,9.344854
221095612952273,ACC,-3.349591,1.455719,9.306546
221095612353030,MAG,28.559999,-11.040000,-39.840000
221095614952006,ACC,-3.299311,1.448536,9.292180
221095616951739,ACC,-3.196357,1.436565,9.282603
221095618951472,ACC,-3.148471,1.417411,9.294575
221095620951272,ACC,-3.069460,1.405439,9.318518
221095622951005,ACC,-3.019181,1.415016,9.366403
221095622351696,MAG,28.379999,-11.639999,-39.899998
221095624950738,ACC,-2.992844,1.419805,9.397529
221095626950471,ACC,-2.978478,1.395862,9.474146
221095628950204,ACC,-2.959324,1.379102,9.538791
221095630949937,ACC,-2.923409,1.331217,9.584282
221095632949670,ACC,-2.921015,1.288120,9.608225
221095632350429,MAG,27.959999,-12.420000,-39.719997
221095634949470,ACC,-2.916227,1.256994,9.603436
221095636949270,ACC,-2.877918,1.201926,9.581888
221095638949003,ACC,-2.863553,1.182772,9.557945
221095640948736,ACC,-2.863553,1.139675,9.517242
221095642948469,ACC,-2.849187,1.103761,9.452597
221095642349162,MAG,28.019999,-12.480000,-39.540001
221095644948202,ACC,-2.839610,1.072635,9.411894
221095646947935,ACC,-2.796513,1.022355,9.332883
221095648947668,ACC,-2.695953,0.988836,9.275420
221095650947468,ACC,-2.643279,0.964893,9.253872
221095652947201,ACC,-2.557086,0.912219,9.189227
221095652347828,MAG,28.260000,-13.200000,-39.480000
221095654946934,ACC,-2.482863,0.921796,9.136553
221095656946667,ACC,-2.451737,0.926584,9.119793
221095658946400,ACC,-2.367938,0.928979,9.124581
221095660946133,ACC,-2.310475,0.960104,9.146130
221095662945866,ACC,-2.267378,0.967287,9.198804
221095662346561,MAG,28.379999,-13.020000,-39.599998
221095664945599,ACC,-2.233858,0.979258,9.229929
221095666945399,ACC,-2.157242,1.003201,9.296969
221095668945132,ACC,-2.116539,1.007990,9.311335
221095670944865,ACC,-2.068653,1.017567,9.323306
221095672944598,ACC,-2.011191,0.986441,9.337671
221095672345294,MAG,28.439999,-13.440000,-39.299999
221095674944331,ACC,-2.001614,0.967287,9.342461
221095676944064,ACC,-2.008796,0.936161,9.352037
221095678943797,ACC,-2.059076,0.885882,9.423865
221095680943530,ACC,-2.140482,0.864333,9.476540
221095682943330,ACC,-2.288927,0.811659,9.696813
221095682344027,MAG,28.320000,-14.160000,-38.879997
221095684943096,ACC,-2.375121,0.794899,9.766247
221095686942862,ACC,-2.559480,0.754197,9.926663
221095688942628,ACC,-2.652857,0.723071,10.017646
221095690942394,ACC,-2.830033,0.646454,10.182851
221095692942160,ACC,-2.983266,0.560260,10.326508
221095692342793,MAG,27.959999,-14.160000,-38.459999
221095694941926,ACC,-3.050306,0.509981,10.400730
221095696941692,ACC,-3.193963,0.371113,10.546781
221095698941525,ACC,-3.375927,0.210696,10.673677
221095700941291,ACC,-3.457333,0.124502,10.738322
221095702941057,ACC,-3.660846,-0.035914,10.860431
221095702341559,MAG,27.480000,-14.580000,-38.279999
221095704940823,ACC,-3.895485,-0.203513,10.953807
221095706940589,ACC,-4.010410,-0.272947,10.982538
221095708940355,ACC,-4.249838,-0.404632,11.008876
221095710940121,ACC,-4.458140,-0.529135,11.001693
221095712939954,ACC,-4.599402,-0.603357,10.992116
221095712340325,MAG,27.359999,-14.520000,-38.579998
221095714939787,ACC,-4.647287,-0.620117,10.989721
221095716939553,ACC,-4.687990,-0.629694,10.980145
221095718939319,ACC,-4.680807,-0.612934,10.972961
221095720939085,ACC,-4.661653,-0.593780,10.970567
221095722938851,ACC,-4.573065,-0.512375,10.963385
221095722339091,MAG,27.539999,-14.700000,-38.759998
221095724938617,ACC,-4.517997,-0.471672,10.951413
221095726938383,ACC,-4.407860,-0.368718,10.881979
221095728938216,ACC,-4.285752,-0.246610,10.771842
221095730937982,ACC,-4.204347,-0.191542,10.714379
221095732937748,ACC,-3.943371,0.014366,10.491713
221095732337791,MAG,27.660000,-14.880000,-39.000000
221095734937514,ACC,-3.857177,0.074223,10.412702
221095736937280,ACC,-3.677606,0.131685,10.281016
221095738937046,ACC,-3.581835,0.232245,10.209188
221095740936812,ACC,-3.414236,0.323227,10.099051
221095742936578,ACC,-3.229877,0.383084,10.041589
221095742336557,MAG,27.959999,-15.540000,-38.639999
221095744936378,ACC,-3.138894,0.402238,10.034406
221095746936111,ACC,-2.952141,0.421392,10.020041
221095748935844,ACC,-2.760599,0.397450,10.003280
221095750935577,ACC,-2.662434,0.380690,9.998491
221095752935310,ACC,-2.470892,0.332804,9.986520
221095752335323,MAG,28.260000,-16.320000,-38.700001
221095754935043,ACC,-2.284138,0.249005,9.993703
221095756934776,ACC,-2.193156,0.191542,9.979338
221095758934509,ACC,-2.027951,0.117319,9.945818
221095760934309,ACC,-1.845986,0.040703,9.931452
221095762934042,ACC,-1.721484,-0.026337,9.897932
221095762334023,MAG,28.139999,-16.619999,-37.919998
221095764933775,ACC,-1.664021,-0.050280,9.873989
221095766933508,ACC,-1.561067,-0.081405,9.823709
221095768933241,ACC,-1.515576,-0.088588,9.790190
221095770932974,ACC,-1.474873,-0.119714,9.699207
221095772932707,ACC,-1.477268,-0.141262,9.617802
221095772332789,MAG,28.139999,-17.580000,-37.500000
221095774932440,ACC,-1.494027,-0.148445,9.569917
221095776932240,ACC,-1.532336,-0.196331,9.478934
221095778931973,ACC,-1.563461,-0.232245,9.392740
221095780931706,ACC,-1.594587,-0.263370,9.344854
221095782931439,ACC,-1.690358,-0.363930,9.253872
221095782331555,MAG,27.900000,-18.119999,-37.439999
221095784931172,ACC,-1.716695,-0.402238,9.232324
221095786930905,ACC,-1.743032,-0.435758,9.222747
221095788930638,ACC,-1.812466,-0.498009,9.253872
221095790930438,ACC,-1.857957,-0.586597,9.328094
221095792930238,ACC,-1.924997,-0.663214,9.493299
221095792330321,MAG,27.900000,-18.539999,-36.840000
221095794929971,ACC,-1.975277,-0.708705,9.601042
221095796929704,ACC,-2.068653,-0.790111,9.797373
221095798929437,ACC,-2.190762,-0.842785,10.022434
221095800929170,ACC,-2.267378,-0.854756,10.142148
221095802928903,ACC,-2.423006,-0.837996,10.379181
221095802329087,MAG,27.660000,-19.320000,-36.779999
221095804928636,ACC,-2.597788,-0.775745,10.597060
221095806928436,ACC,-2.691165,-0.742225,10.700014
221095808928236,ACC,-2.861158,-0.610540,10.886767
221095810927969,ACC,-3.052700,-0.445335,11.097464
221095812927702,ACC,-3.193963,-0.241822,11.305766
221095812327853,MAG,27.420000,-19.379999,-36.660000
221095814927435,ACC,-3.249031,-0.131685,11.406325
221095816927168,ACC,-3.323253,0.074223,11.595473
221095818926901,ACC,-3.335225,0.174782,11.672090
221095820926634,ACC,-3.301705,0.387873,11.796592
221095822926434,ACC,-3.237060,0.579414,11.889969
221095822326619,MAG,27.599998,-19.799999,-36.480000
221095824926167,ACC,-3.198751,0.670397,11.937854
221095826925900,ACC,-3.100586,0.840390,12.012076
221095828925633,ACC,-2.980872,0.964893,12.059962
221095830925366,ACC,-2.916227,1.003201,12.076722
221095832925099,ACC,-2.739050,1.089395,12.081511
221095832325385,MAG,27.180000,-20.279999,-36.480000
221095834924832,ACC,-2.683982,1.108549,12.093482
221095836924565,ACC,-2.626519,1.115732,12.098270
221095838924365,ACC,-2.523566,1.079818,12.083905
221095840924098,ACC,-2.444555,1.027144,12.071934
221095842923831,ACC,-2.387092,0.948133,12.098270
221095842324085,MAG,27.180000,-20.279999,-36.719997
221095844923564,ACC,-2.367938,0.912219,12.122213
221095846923297,ACC,-2.348783,0.797293,12.131790
221095848923030,ACC,-2.312870,0.687157,12.064751
221095850922763,ACC,-2.312870,0.632089,12.014471
221095852922496,ACC,-2.324841,0.512375,11.885180
221095852322851,MAG,27.299999,-20.939999,-36.899998
221095854922296,ACC,-2.332024,0.402238,11.710398
221095856922029,ACC,-2.353572,0.349564,11.605050
221095858921762,ACC,-2.427795,0.222668,11.389565
221095860921495,ACC,-2.492440,0.093377,11.162109
221095862921228,ACC,-2.585817,-0.004789,10.913105
221095862321617,MAG,27.000000,-21.299999,-36.779999
221095864920961,ACC,-2.628914,-0.067040,10.802968
221095866920694,ACC,-2.729473,-0.172388,10.644946
221095868920427,ACC,-2.786936,-0.239427,10.573117
221095870920227,ACC,-2.925804,-0.373507,10.446221
221095872919960,ACC,-3.074249,-0.498009,10.297776
221095872320317,MAG,26.699999,-21.719999,-36.419998
221095874919693,ACC,-3.150866,-0.560260,10.218765
221095876919426,ACC,-3.308888,-0.718282,10.075109
221095878919159,ACC,-3.462121,-0.852362,9.979338
221095880918892,ACC,-3.510007,-0.919402,9.921875
221095882918625,ACC,-3.600989,-1.115732,9.730332
221095882319083,MAG,26.639999,-22.260000,-35.759998
221095884918425,ACC,-3.627326,-1.175589,9.670476
221095886918225,ACC,-3.634509,-1.233052,9.615408
221095888917958,ACC,-3.641692,-1.347977,9.488511
221095890917691,ACC,-3.605778,-1.455719,9.397529
221095892917424,ACC,-3.531555,-1.561067,9.361614
221095892317849,MAG,26.400000,-22.619999,-35.279999
221095894917157,ACC,-3.486064,-1.616135,9.359221
221095896916890,ACC,-3.378322,-1.709512,9.402317
221095898916623,ACC,-3.225088,-1.793312,9.471751
221095900916423,ACC,-3.153260,-1.829226,9.529214
221095902916123,ACC,-2.985661,-1.905843,9.668081
221095902316515,MAG,26.639999,-23.160000,-35.160000
221095904915856,ACC,-2.815667,-1.953728,9.826104
221095906915589,ACC,-2.739050,-1.970488,9.905115
221095908915322,ACC,-2.583422,-1.994431,10.053560
221095910915055,ACC,-2.418218,-2.001614,10.154119
221095912914788,ACC,-2.253013,-1.956123,10.223554
221095912315281,MAG,26.820000,-23.459999,-34.799999
221095914914521,ACC,-2.174001,-1.922603,10.242707
221095916914321,ACC,-2.020768,-1.848380,10.266650
221095918914087,ACC,-1.939363,-1.798100,10.278622
221095920913853,ACC,-1.764580,-1.680781,10.292988
221095922913619,ACC,-1.587404,-1.549096,10.328901
221095922314081,MAG,26.879999,-24.000000,-34.860001
221095924913385,ACC,-1.489239,-1.467690,10.340873
221095926913151,ACC,-1.314457,-1.290514,10.331296
221095928912917,ACC,-1.161223,-1.108549,10.295382
221095930912683,ACC,-1.089395,-1.019961,10.269045
221095932912516,ACC,-0.914613,-0.854756,10.182851
221095932312881,MAG,26.519999,-24.000000,-34.739998
221095934912382,ACC,-0.859545,-0.687157,10.166091
221095936912248,ACC,-0.804476,-0.608146,10.134965
221095938912114,ACC,-0.711100,-0.471672,10.122993
221095940911980,ACC,-0.663214,-0.349564,10.127783
221095942911846,ACC,-0.617723,-0.234639,10.139753
221095942311781,MAG,25.980000,-24.240000,-34.619999
221095944911712,ACC,-0.603357,-0.201119,10.156514
221095946911578,ACC,-0.593780,-0.169994,10.178062
221095948911511,ACC,-0.615329,-0.160416,10.197216
221095950911444,ACC,-0.668003,-0.165205,10.276228
221095952911377,ACC,-0.725465,-0.186753,10.336084
221095952310747,MAG,25.799999,-24.240000,-34.799999
221095954911310,ACC,-0.821236,-0.208302,10.393547
221095956911243,ACC,-0.881093,-0.258582,10.429461
221095958911176,ACC,-1.022355,-0.323227,10.479741
221095960911109,ACC,-1.146858,-0.371113,10.541992
221095962911142,ACC,-1.256994,-0.433364,10.618608
221095962309713,MAG,25.019999,-24.180000,-34.680000
221095964911142,ACC,-1.312063,-0.474066,10.647340
221095966911108,ACC,-1.419805,-0.548289,10.738322
221095968911074,ACC,-1.484450,-0.591386,10.788602
221095970911040,ACC,-1.558673,-0.687157,10.929865
221095972911006,ACC,-1.649655,-0.799688,11.087887
221095972308713,MAG,24.420000,-24.420000,-35.160000
221095974910972,ACC,-1.697541,-0.861939,11.154926
221095976910938,ACC,-1.802889,-0.938556,11.226754
221095978910938,ACC,-1.927391,-1.051087,11.226754
221095980910904,ACC,-1.994431,-1.103761,11.195629
221095982910870,ACC,-2.166819,-1.189955,11.092675
221095982307679,MAG,24.119999,-24.660000,-35.099998
221095984910836,ACC,-2.202733,-1.278543,10.970567
221095986910802,ACC,-2.219493,-1.321640,10.927470
221095988910768,ACC,-2.248224,-1.398257,10.879584
221095990910734,ACC,-2.197944,-1.455719,10.872402
221095992910700,ACC,-2.104568,-1.503605,10.858036
221095992306679,MAG,23.639999,-24.779999,-35.160000
221095994910633,ACC,-2.051893,-1.527547,10.836488
221095996910566,ACC,-1.884294,-1.568250,10.807756
221095998910499,ACC,-1.774158,-1.570644,10.805362
221096000910432,ACC,-1.515576,-1.568250,10.762265
221096002910365,ACC,-1.233052,-1.577827,10.695226
221096002305745,MAG,23.400000,-25.199999,-35.520000
221096004910298,ACC,-0.902642,-1.568250,10.659311
221096006910231,ACC,-0.723071,-1.517970,10.553964
221096008910164,ACC,-0.368718,-1.429382,10.415095
221096010910097,ACC,-0.055068,-1.367131,10.292988
221096012909963,ACC,0.249005,-1.146858,10.151725
221096012304745,MAG,23.160000,-25.379999,-35.219997
221096014909829,ACC,0.385478,-1.065452,10.060742
221096016909695,ACC,0.615329,-0.888276,9.871595
221096018909561,ACC,0.811659,-0.797293,9.715967
221096020909427,ACC,0.885882,-0.627300,9.658504
221096022909293,ACC,1.003201,-0.486038,9.550762
221096022303811,MAG,22.740000,-24.959999,-35.639999
221096024909159,ACC,1.039115,-0.426181,9.507666
221096026909059,ACC,1.098972,-0.304073,9.375980
221096028908892,ACC,1.113338,-0.205908,9.253872
221096030908725,ACC,1.106155,-0.177176,9.203592
221096032908558,ACC,1.039115,-0.153234,9.138947
221096032302877,MAG,22.980000,-24.719999,-36.000000
221096034908391,ACC,0.940950,-0.181965,9.179649
221096036908224,ACC,0.852362,-0.225062,9.225141
221096038908057,ACC,0.627300,-0.337593,9.311335
221096040907923,ACC,0.316044,-0.507586,9.416683
221096042907789,ACC,-0.069434,-0.670397,9.500483
221096042301943,MAG,22.799999,-24.359999,-35.939999
221096044907589,ACC,-0.260976,-0.768562,9.517242
221096046907389,ACC,-0.636877,-0.940950,9.545974
221096048907189,ACC,-0.847573,-1.048692,9.545974
221096050906989,ACC,-1.273754,-1.240234,9.569917
221096052906789,ACC,-1.680781,-1.443748,9.610620
221096052301009,MAG,23.160000,-24.240000,-35.820000
221096054906589,ACC,-1.891477,-1.537124,9.634562
221096056906389,ACC,-2.267378,-1.740638,9.687236
221096058906189,ACC,-2.609760,-1.927391,9.799767
221096060905922,ACC,-2.899467,-2.008796,9.864412
221096062905655,ACC,-3.114952,-2.241041,9.883567
221096062300075,MAG,22.920000,-24.779999,-35.579998
221096064905388,ACC,-3.181991,-2.308081,9.859624
221096066905121,ACC,-3.249031,-2.413429,9.840469
221096068904854,ACC,-3.263397,-2.463709,9.852441
221096070904587,ACC,-3.222694,-2.537931,9.905115
221096072904387,ACC,-3.079037,-2.590605,9.988914
221096072299141,MAG,22.260000,-25.139999,-35.579998
221096074904120,ACC,-2.966506,-2.600183,10.048771
221096076903853,ACC,-2.686376,-2.614548,10.199611
221096078903586,ACC,-2.329629,-2.631308,10.290593
221096080903319,ACC,-2.123722,-2.628914,10.307353
221096082903052,ACC,-1.668810,-2.597788,10.309748
221096082298207,MAG,22.139999,-25.439999,-35.639999
221096084902785,ACC,-1.199532,-2.581028,10.276228
221096086902518,ACC,-0.964893,-2.559480,10.259467
221096088902318,ACC,-0.459701,-2.482863,10.173274
221096090902051,ACC,0.047885,-2.382303,10.094262
221096092901784,ACC,0.533923,-2.255407,10.072714
221096092297207,MAG,21.539999,-25.619999,-35.880001
221096094901517,ACC,0.782928,-2.195550,10.075109
221096096901250,ACC,1.240234,-2.078231,10.094262
221096098900983,ACC,1.453325,-2.020768,10.113417
221096100900716,ACC,1.857957,-1.886689,10.106234
221096102900449,ACC,2.212310,-1.826832,10.089474
221096102296273,MAG,21.299999,-25.080000,-36.119999
221096104900249,ACC,2.367938,-1.790918,10.096657
221096106899982,ACC,2.643279,-1.726272,10.156514
221096108899715,ACC,2.861158,-1.666415,10.233130
221096110899448,ACC,2.940170,-1.647261,10.278622
221096112899181,ACC,3.091009,-1.573039,10.407912
221096112295339,MAG,21.059999,-25.019999,-35.939999
221096114898914,ACC,3.095797,-1.551490,10.453403
221096116898647,ACC,3.059883,-1.529942,10.558752
221096118898380,ACC,2.954535,-1.474873,10.652128
221096120898180,ACC,2.894678,-1.472479,10.690437
221096122897913,ACC,2.724685,-1.479662,10.757477
221096122294339,MAG,20.879999,-24.420000,-36.239998
221096124897646,ACC,2.619337,-1.482056,10.779025
221096126897379,ACC,2.425400,-1.517970,10.846065
221096128897112,ACC,2.262590,-1.577827,10.934653
221096130896845,ACC,2.185973,-1.616135,11.011270
221096132896578,ACC,2.004008,-1.673598,11.193234
221096132293405,MAG,20.760000,-24.059999,-36.239998
221096134896378,ACC,1.838803,-1.762186,11.384777
221096136896178,ACC,1.757398,-1.802889,11.475760
221096138895911,ACC,1.599376,-1.881900,11.638570
221096140895644,ACC,1.431776,-1.977671,11.741524
221096142895377,ACC,1.233052,-2.085413,11.782227
221096142292471,MAG,20.939999,-24.119999,-36.239998
221096144895110,ACC,1.125309,-2.157242,11.782227
221096146894843,ACC,0.950527,-2.250618,11.758284
221096148894576,ACC,0.864333,-2.296109,11.715187
221096150894376,ACC,0.679974,-2.375121,11.624205
221096152894109,ACC,0.493221,-2.461314,11.540404
221096152291471,MAG,20.639999,-23.879999,-36.239998
221096154893842,ACC,0.416604,-2.516383,11.482942
221096156893575,ACC,0.251399,-2.609760,11.394354
221096158893308,ACC,0.117319,-2.719896,11.322526
221096160893041,ACC,0.038308,-2.777359,11.267457
221096162892774,ACC,-0.213090,-2.959324,11.040001
221096162290537,MAG,20.340000,-24.420000,-36.000000
221096164892507,ACC,-0.275342,-3.019181,10.946625
221096166892307,ACC,-0.342381,-3.086220,10.848459
221096168892040,ACC,-0.498009,-3.198751,10.632975
221096170891773,ACC,-0.653637,-3.282551,10.439038
221096172891506,ACC,-0.816448,-3.366350,10.257073
221096172289603,MAG,20.400000,-24.420000,-35.880001
221096174891239,ACC,-0.895459,-3.407053,10.170879
221096176890972,ACC,-1.053481,-3.474093,10.039194
221096178890705,ACC,-1.211503,-3.519584,9.926663
221096180890438,ACC,-1.285726,-3.538738,9.878778
221096182890238,ACC,-1.426988,-3.572258,9.787795
221096182288669,MAG,20.400000,-24.719999,-35.579998
221096184889971,ACC,-1.568250,-3.620143,9.737515
221096186889704,ACC,-1.604164,-3.641692,9.715967
221096188889437,ACC,-1.628107,-3.656058,9.684841
221096190889170,ACC,-1.613741,-3.680000,9.672871
221096192888903,ACC,-1.529942,-3.665635,9.682447
221096192287735,MAG,20.580000,-25.080000,-35.459999
221096194888636,ACC,-1.462902,-3.653663,9.694419
221096196888369,ACC,-1.324034,-3.610566,9.730332
221096198888169,ACC,-1.144463,-3.550709,9.787795
221096200887902,ACC,-1.034327,-3.502824,9.826104
221096202887635,ACC,-0.790111,-3.392687,9.893144
221096202286835,MAG,20.939999,-25.199999,-35.579998
221096204887368,ACC,-0.665608,-3.318465,9.931452
221096206887101,ACC,-0.433364,-3.179597,10.034406
221096208886834,ACC,-0.225062,-3.055095,10.168485
221096210886567,ACC,-0.122108,-2.983266,10.242707
221096212886367,ACC,0.181965,-2.748627,10.431855
221096212285901,MAG,20.699999,-25.379999,-35.219997
221096214886167,ACC,0.260976,-2.681588,10.482135
221096216885900,ACC,0.328016,-2.624125,10.537204
221096218885633,ACC,0.438152,-2.499623,10.632975
221096220885366,ACC,0.474066,-2.375121,10.678466
221096222885099,ACC,0.502798,-2.255407,10.745505
221096222284934,MAG,20.580000,-25.199999,-35.219997
221096224884832,ACC,0.514769,-2.221887,10.771842
221096226884565,ACC,0.555472,-2.147665,10.790997
221096228884365,ACC,0.591386,-2.123722,10.752688
221096230884098,ACC,0.612934,-2.092596,10.733534
221096232883831,ACC,0.632089,-2.090202,10.697619
221096232283900,MAG,20.639999,-25.199999,-35.040001
221096234883564,ACC,0.668003,-2.099779,10.668888
221096236883297,ACC,0.691945,-2.102173,10.642551
221096238883030,ACC,0.754197,-2.121327,10.594666
221096240882763,ACC,0.790111,-2.157242,10.539598
221096242882496,ACC,0.811659,-2.181184,10.434250
221096242282833,MAG,20.219999,-25.139999,-34.860001
221096244882296,ACC,0.828419,-2.197944,10.381576
221096246882029,ACC,0.852362,-2.214704,10.281016
221096248881762,ACC,0.854756,-2.229070,10.206794
221096250881495,ACC,0.852362,-2.231464,10.051166
221096252881228,ACC,0.818842,-2.221887,9.885961
221096252281699,MAG,20.459999,-25.619999,-35.219997
221096254880961,ACC,0.790111,-2.219493,9.821315
221096256880694,ACC,0.718282,-2.202733,9.677659
221096258880427,ACC,0.605752,-2.152453,9.545974
221096260880227,ACC,0.536318,-2.140482,9.498088
221096262879960,ACC,0.347170,-2.102173,9.395134
221096262280499,MAG,20.279999,-26.039999,-35.399998
221096264879693,ACC,0.268159,-2.097385,9.380769
221096266879426,ACC,0.189148,-2.094990,9.366403
221096268879159,ACC,0.045491,-2.087808,9.354432
221096270878892,ACC,-0.093377,-2.085413,9.380769
221096272878625,ACC,-0.239427,-2.128510,9.404712
221096272279332,MAG,20.039999,-26.039999,-35.099998
221096274878358,ACC,-0.299284,-2.152453,9.404712
221096276878158,ACC,-0.361535,-2.197944,9.419077
221096278877891,ACC,-0.378295,-2.226676,9.416683
221096280877624,ACC,-0.375901,-2.291321,9.416683
221096282877357,ACC,-0.304073,-2.327235,9.411894
221096282278132,MAG,20.580000,-26.099998,-35.099998
221096284877090,ACC,-0.193936,-2.377515,9.383162
221096286876823,ACC,-0.143656,-2.413429,9.359221
221096288876556,ACC,0.016760,-2.456526,9.304152
221096290876356,ACC,0.191542,-2.497229,9.256267
221096292876156,ACC,0.354353,-2.525960,9.258660
221096292276932,MAG,20.219999,-25.619999,-34.919998
221096294875889,ACC,0.445335,-2.525960,9.277815
221096296875622,ACC,0.627300,-2.528354,9.311335
221096298875355,ACC,0.761379,-2.533143,9.335278
221096300875088,ACC,0.823631,-2.525960,9.352037
221096302874821,ACC,0.926584,-2.506806,9.352037
221096302275665,MAG,20.279999,-25.920000,-34.739998
221096304874554,ACC,0.936161,-2.509200,9.361614
221096306874354,ACC,0.909824,-2.485257,9.428655
221096308874154,ACC,0.897853,-2.449343,9.534002
221096310873887,ACC,0.883487,-2.439766,9.605830
221096312873620,ACC,0.787716,-2.415823,9.718362
221096312274398,MAG,20.699999,-26.160000,-34.860001
221096314873353,ACC,0.739831,-2.396669,9.749487
221096316873086,ACC,0.684763,-2.372726,9.790190
221096318872819,ACC,0.548289,-2.296109,9.919480
221096320872552,ACC,0.366324,-2.221887,10.075109
221096322872352,ACC,0.210696,-2.157242,10.235525
221096322273131,MAG,20.459999,-26.279999,-34.980000
221096324872085,ACC,0.131685,-2.114145,10.319324
221096326871818,ACC,-0.028731,-2.049499,10.472558
221096328871551,ACC,-0.086194,-2.015979,10.534809
221096330871284,ACC,-0.150839,-1.965700,10.680860
221096332871017,ACC,-0.189148,-1.889083,10.771842
221096332271864,MAG,20.879999,-26.760000,-34.799999
221096334870750,ACC,-0.162811,-1.865140,10.793391
221096336870483,ACC,-0.136474,-1.795706,10.831699
221096338870283,ACC,-0.102954,-1.704724,10.822123
221096340870016,ACC,-0.031126,-1.628107,10.771842
221096342869749,ACC,0.057463,-1.520365,10.731140
221096342270530,MAG,21.180000,-26.279999,-34.320000
221096344869482,ACC,0.105348,-1.479662,10.726351
221096346869215,ACC,0.208302,-1.395862,10.685649
221096348868948,ACC,0.251399,-1.357554,10.649734
221096350868681,ACC,0.363930,-1.261783,10.589877
221096352868414,ACC,0.476461,-1.161223,10.563540
221096352269263,MAG,21.240000,-26.160000,-34.619999
221096354868214,ACC,0.521952,-1.113338,10.577906
221096356867947,ACC,0.608146,-0.991230,10.647340
221096358867680,ACC,0.687157,-0.866727,10.759871
221096360867413,ACC,0.730254,-0.792505,10.829305
221096362867146,ACC,0.864333,-0.665608,10.968173
221096362267996,MAG,21.480000,-25.740000,-34.320000
221096364866879,ACC,0.914613,-0.565049,11.121407
221096366866612,ACC,0.986441,-0.514769,11.195629
221096368866345,ACC,1.098972,-0.411815,11.329708
221096370866145,ACC,1.225869,-0.325621,11.444633
221096372865878,ACC,1.355160,-0.246610,11.487731
221096372266662,MAG,21.719999,-25.740000,-34.500000
221096374865611,ACC,1.403045,-0.213090,11.497308
221096376865344,ACC,1.510787,-0.131685,11.502096
221096378865144,ACC,1.587404,-0.069434,11.482942
221096380864877,ACC,1.623318,-0.043097,11.478153
221096382864610,ACC,1.704724,0.011971,11.423085
221096382265395,MAG,21.719999,-25.980000,-34.799999
221096384864410,ACC,1.752609,0.038308,11.408719
221096386864210,ACC,1.812466,0.088588,11.353651
221096388863943,ACC,1.891477,0.134079,11.305766
221096390863676,ACC,1.996825,0.167599,11.236332
221096392863409,ACC,2.099779,0.191542,11.178869
221096392264128,MAG,21.660000,-25.680000,-34.559998
221096394863142,ACC,2.152453,0.191542,11.140561
221096396862875,ACC,2.243435,0.201119,11.054367
221096398862608,ACC,2.286532,0.191542,11.016058
221096400862408,ACC,2.322447,0.191542,10.934653
221096402862174,ACC,2.293715,0.165205,10.829305
221096402262828,MAG,21.719999,-25.980000,-34.320000
221096404861940,ACC,2.243435,0.158022,10.788602
221096406861706,ACC,2.123722,0.122108,10.723957
221096408861472,ACC,1.946545,0.088588,10.685649
221096410861238,ACC,1.850774,0.083800,10.680860
221096412861004,ACC,1.630501,0.083800,10.649734
221096412261594,MAG,21.959999,-25.740000,-34.439999
221096414860770,ACC,1.403045,0.093377,10.642551
221096416860603,ACC,1.297697,0.110137,10.652128
221096418860369,ACC,1.094184,0.102954,10.680860
221096420860135,ACC,0.909824,0.098165,10.697619
221096422859901,ACC,0.711100,0.064645,10.702409
221096422260360,MAG,22.379999,-25.139999,-34.799999
221096424859667,ACC,0.622511,0.047885,10.700014
221096426859433,ACC,0.387873,0.007183,10.688043
221096428859199,ACC,0.268159,-0.023943,10.668888
221096430858965,ACC,0.052674,-0.119714,10.661706
221096432858798,ACC,-0.158022,-0.203513,10.678466
221096432259126,MAG,22.799999,-25.080000,-35.099998
221096434858564,ACC,-0.268159,-0.256187,10.704803
221096436858330,ACC,-0.459701,-0.361535,10.755082
221096438858030,ACC,-0.641666,-0.428575,10.795785
221096440857796,ACC,-0.730254,-0.459701,10.812545
221096442857562,ACC,-0.952921,-0.538712,10.795785
221096442257892,MAG,22.980000,-24.779999,-35.520000
221096444857328,ACC,-1.005595,-0.572232,10.774237
221096446857094,ACC,-1.065452,-0.586597,10.733534
221096448856927,ACC,-1.079818,-0.555472,10.716774
221096450856693,ACC,-1.053481,-0.490826,10.635368
221096452856459,ACC,-0.960104,-0.404632,10.546781
221096452256658,MAG,23.279999,-24.539999,-35.520000
221096454856225,ACC,-0.895459,-0.344776,10.527626
221096456855991,ACC,-0.732648,-0.227456,10.525232
221096458855757,ACC,-0.569837,-0.038308,10.513261
221096460855523,ACC,-0.493221,0.071828,10.503684
221096462855323,ACC,-0.306467,0.275342,10.465375
221096462255424,MAG,23.219999,-24.480000,-35.459999
221096464855123,ACC,-0.098165,0.488432,10.393547
221096466854856,ACC,0.014366,0.586597,10.352844
221096468854589,ACC,0.244216,0.775745,10.223554
221096470854322,ACC,0.500403,0.936161,10.070320
221096472854055,ACC,0.787716,1.027144,9.852441
221096472254190,MAG,23.580000,-24.359999,-35.520000
221096474853788,ACC,0.952921,1.053481,9.732727
221096476853521,ACC,1.312063,1.048692,9.466963
221096478853321,ACC,1.671204,0.967287,9.215564
221096480853054,ACC,1.843592,0.917007,9.117398
221096482852787,ACC,2.171607,0.785322,8.964165
221096482252890,MAG,23.939999,-24.539999,-35.160000
221096484852520,ACC,2.329629,0.718282,8.909097
221096486852253,ACC,2.626519,0.581809,8.873182
221096488851986,ACC,2.846793,0.457306,8.918674
221096490851719,ACC,2.944958,0.421392,8.961771
221096492851452,ACC,3.129317,0.330410,9.100638
221096492251656,MAG,24.000000,-24.539999,-34.919998
221096494851252,ACC,3.165231,0.318439,9.143736
221096496850985,ACC,3.186780,0.313650,9.165284
221096498850718,ACC,3.170020,0.313650,9.201198
221096500850451,ACC,3.107769,0.332804,9.249084
221096502850184,ACC,3.019181,0.347170,9.258660
221096502250422,MAG,24.299999,-24.420000,-34.860001
221096504849917,ACC,2.961718,0.366324,9.251478
221096506849650,ACC,2.818061,0.414210,9.251478
221096508849383,ACC,2.655251,0.462095,9.234718
221096510849183,ACC,2.564268,0.490826,9.225141
221096512848916,ACC,2.382303,0.560260,9.220352
221096512249122,MAG,24.480000,-24.779999,-34.139999
221096514848649,ACC,2.197944,0.620117,9.222747
221096516848382,ACC,2.102173,0.665608,9.239507
221096518848115,ACC,1.939363,0.744619,9.265843
221096520847848,ACC,1.774158,0.833208,9.301758
221096522847581,ACC,1.644867,0.902642,9.342461
221096522247888,MAG,24.480000,-24.660000,-34.320000
221096524847314,ACC,1.568250,0.948133,9.359221
221096526847114,ACC,1.465296,1.055875,9.392740
221096528846847,ACC,1.417411,1.103761,9.435837
221096530846580,ACC,1.345582,1.192349,9.493299
221096532846313,ACC,1.271360,1.285726,9.541185
221096532246654,MAG,24.480000,-24.059999,-34.739998
221096534846046,ACC,1.237840,1.328822,9.567522
221096536845779,ACC,1.182772,1.434171,9.610620
221096538845512,ACC,1.118126,1.525153,9.610620
221096540845312,ACC,1.089395,1.561067,9.598648
221096542845112,ACC,0.969681,1.697541,9.577099
221096542245420,MAG,24.660000,-24.059999,-34.320000
221096544844845,ACC,0.924190,1.738243,9.577099
221096546844578,ACC,0.878699,1.786129,9.574705
221096548844311,ACC,0.773351,1.881900,9.569917
221096550844044,ACC,0.627300,1.970488,9.608225
221096552843777,ACC,0.476461,2.042316,9.653716
221096552244186,MAG,24.779999,-23.400000,-34.380001
221096554843510,ACC,0.390267,2.090202,9.665688
221096556843310,ACC,0.217879,2.176396,9.684841
221096558843110,ACC,0.045491,2.257801,9.656111
221096560842843,ACC,-0.016760,2.286532,9.608225
221096562842576,ACC,-0.081405,2.320052,9.443020
221096562242952,MAG,24.959999,-22.619999,-34.439999
221096564842309,ACC,-0.088588,2.284138,9.184438
221096566842042,ACC,-0.035914,2.243435,9.012051
221096568841775,ACC,0.184359,2.114145,8.605023
221096570841508,ACC,0.543500,1.905843,8.193209
221096572841308,ACC,1.012778,1.652050,7.891530
221096572241718,MAG,25.019999,-22.559999,-34.500000
221096574841041,ACC,1.268966,1.527547,7.802942
221096576840774,ACC,1.824437,1.266571,7.685622
221096578840507,ACC,2.097385,1.127703,7.692805
221096580840240,ACC,2.569057,0.873910,7.795759
221096582839973,ACC,3.016786,0.636877,7.937021
221096582240484,MAG,25.680000,-21.779999,-34.919998
221096584839706,ACC,3.196357,0.526740,8.020821
221096586839439,ACC,3.543527,0.330410,8.205180
221096588839239,ACC,3.770983,0.160416,8.348836
221096590838972,ACC,3.857177,0.081405,8.396722
221096592838705,ACC,4.010410,-0.047885,8.545167
221096592239184,MAG,25.619999,-21.359999,-35.579998
221096594838438,ACC,4.019988,-0.074223,8.569110
221096596838171,ACC,4.019988,-0.079011,8.595447
221096598837904,ACC,3.972102,-0.045491,8.645726
221096600837637,ACC,3.876331,0.016760,8.688824
221096602837370,ACC,3.759012,0.119714,8.712766
221096602237950,MAG,26.279999,-21.299999,-35.880001
221096604837170,ACC,3.699155,0.191542,8.731920
221096606836903,ACC,3.545921,0.361535,8.770228
221096608836636,ACC,3.378322,0.447729,8.861211
221096610836369,ACC,3.308888,0.636877,8.925857
221096612836102,ACC,3.167626,0.826025,9.071907
221096612236716,MAG,26.939999,-21.059999,-35.820000
221096614835835,ACC,3.023969,1.015172,9.263450
221096616835568,ACC,2.976084,1.110944,9.364009
221096618835301,ACC,2.856370,1.321640,9.577099
221096620835101,ACC,2.751022,1.549096,9.797373
221096622834834,ACC,2.681588,1.769369,10.032011
221096622235416,MAG,27.059999,-20.879999,-36.299999
221096624834567,ACC,2.652857,1.881900,10.156514
221096626834300,ACC,2.578634,2.111750,10.379181
221096628834033,ACC,2.545114,2.217098,10.474953
221096630833766,ACC,2.482863,2.427795,10.673677
221096632833499,ACC,2.418218,2.619337,10.889162
221096632234182,MAG,27.480000,-20.520000,-36.059998
221096634833299,ACC,2.389486,2.703136,10.984933
221096636833099,ACC,2.300898,2.865947,11.140561
221096638832832,ACC,2.207521,3.021575,11.284217
221096640832565,ACC,2.166819,3.095797,11.353651
221096642832298,ACC,2.008796,3.304099,11.506885
221096642232948,MAG,27.599998,-19.740000,-35.880001
221096644832031,ACC,1.965700,3.378322,11.549982
221096646831764,ACC,1.924997,3.452544,11.593079
221096648831497,ACC,1.881900,3.560287,11.643358
221096650831297,ACC,1.838803,3.668029,11.607444
221096652831030,ACC,1.788523,3.727886,11.490125
221096652231648,MAG,27.840000,-19.020000,-36.419998
221096654830763,ACC,1.764580,3.747040,11.384777
221096656830496,ACC,1.711906,3.766194,11.154926
221096658830229,ACC,1.680781,3.778166,10.872402
221096660829962,ACC,1.649655,3.787743,10.711986
221096662829695,ACC,1.611347,3.778166,10.348056
221096662230414,MAG,27.779999,-18.119999,-36.419998
221096664829428,ACC,1.585010,3.773377,10.012857
221096666829228,ACC,1.577827,3.763800,9.871595
221096668828961,ACC,1.608953,3.744646,9.668081
221096670828694,ACC,1.637684,3.737463,9.579494
221096672828427,ACC,1.683175,3.687183,9.620196
221096672229180,MAG,28.320000,-17.039999,-36.599998
221096674828160,ACC,1.702329,3.648875,9.668081
221096676827893,ACC,1.766975,3.543527,9.773430
221096678827626,ACC,1.826832,3.419024,9.814133
221096680827359,ACC,1.862746,3.349591,9.806950
221096682827159,ACC,1.934574,3.150866,9.754275
221096682227946,MAG,28.980000,-16.320000,-36.719997
221096684826892,ACC,1.975277,3.045517,9.713573
221096686826625,ACC,2.056682,2.834821,9.567522
221096688826358,ACC,2.169213,2.643279,9.414289
221096690826091,ACC,2.226676,2.540326,9.349643
221096692825824,ACC,2.425400,2.336812,9.258660
221096692226712,MAG,29.519999,-15.480000,-36.540001
221096694825557,ACC,2.506806,2.130905,9.263450
221096696825290,ACC,2.583422,2.025557,9.289786
221096698825090,ACC,2.724685,1.829226,9.368797
221096700824823,ACC,2.861158,1.647261,9.531608
221096702824556,ACC,2.990449,1.467690,9.696813
221096702225445,MAG,30.299999,-15.240000,-36.660000
221096704824289,ACC,3.047912,1.395862,9.785401
221096706824022,ACC,3.117346,1.268966,9.929058
221096708823755,ACC,3.143683,1.218686,10.020041
221096710823488,ACC,3.143683,1.146858,10.223554
221096712823288,ACC,3.134106,1.132492,10.393547
221096712224178,MAG,30.119999,-14.700000,-36.840000
221096714823088,ACC,3.112557,1.149252,10.467770
221096716822821,ACC,3.045517,1.223474,10.587483
221096718822554,ACC,2.968901,1.364737,10.685649
221096720822287,ACC,2.935381,1.455719,10.738322
221096722822020,ACC,2.918621,1.733455,10.795785
221096722222911,MAG,30.059999,-14.040000,-37.200001
221096724821753,ACC,2.916227,1.841197,10.810151
221096726821486,ACC,2.894678,2.097385,10.846065
221096728821286,ACC,2.880313,2.231464,10.893950
221096730821086,ACC,2.832427,2.490046,11.004087
221096732820819,ACC,2.770176,2.767782,11.135772
221096732221577,MAG,30.059999,-13.679999,-37.079998
221096734820552,ACC,2.724685,2.906650,11.212389
221096736820285,ACC,2.619337,3.179597,11.358439
221096738820018,ACC,2.521171,3.435784,11.451817
221096740819751,ACC,2.475680,3.545921,11.468576
221096742819484,ACC,2.372726,3.737463,11.473365
221096742220310,MAG,30.000000,-12.960000,-37.259998
221096744819284,ACC,2.236253,3.905062,11.430268
221096746819017,ACC,2.162030,3.976891,11.377594
221096748818750,ACC,1.999219,4.072661,11.277035
221096750818483,ACC,1.824437,4.110970,11.174081
221096752818216,ACC,1.628107,4.113364,11.109435
221096752219043,MAG,30.420000,-12.300000,-37.380001
221096754817949,ACC,1.525153,4.091815,11.090281
221096756817682,ACC,1.333611,4.036747,11.097464
221096758817415,ACC,1.242629,3.986468,11.119012
221096760817215,ACC,1.053481,3.871542,11.198023
221096762816948,ACC,0.873910,3.744646,11.305766
221096762217709,MAG,30.359999,-11.520000,-37.439999
221096764816681,ACC,0.792505,3.665635,11.365623
221096766816414,ACC,0.629694,3.486064,11.473365
221096768816180,ACC,0.447729,3.318465,11.576319
221096770815913,ACC,0.260976,3.220300,11.619415
221096772815646,ACC,0.074223,2.925804,11.715187
221096772216442,MAG,30.599998,-10.620000,-37.860001
221096774815379,ACC,0.004789,2.822850,11.724764
221096776815179,ACC,-0.146051,2.655251,11.674484
221096778814912,ACC,-0.225062,2.561874,11.605050
221096780814645,ACC,-0.347170,2.367938,11.387171
221096782814378,ACC,-0.404632,2.171607,11.111830
221096782215175,MAG,30.840000,-10.260000,-37.380001
221096784814111,ACC,-0.404632,2.078231,10.970567
221096786813844,ACC,-0.339987,1.872323,10.666494
221096788813577,ACC,-0.213090,1.652050,10.357633
221096790813310,ACC,-0.126897,1.539519,10.185245
221096792813110,ACC,0.062251,1.307274,9.883567
221096792213908,MAG,31.320000,-10.200000,-37.799999
221096794812843,ACC,0.253793,1.101366,9.555551
221096796812576,ACC,0.354353,1.017567,9.387952
221096798812309,ACC,0.550683,0.861939,9.105427
221096800812042,ACC,0.749408,0.742225,8.897125
221096802811775,ACC,0.945739,0.677580,8.731920
221096802212641,MAG,31.500000,-10.440000,-38.160000
221096804811508,ACC,1.031932,0.677580,8.664881
221096806811308,ACC,1.197137,0.696734,8.581081
221096808811108,ACC,1.254600,0.720677,8.540379
221096810810874,ACC,1.347977,0.826025,8.478127
221096812810640,ACC,1.410228,0.988836,8.447001
221096812211407,MAG,31.500000,-10.440000,-37.680000
221096814810406,ACC,1.426988,1.103761,8.451790
221096816810172,ACC,1.448536,1.371920,8.437425
221096818809938,ACC,1.470085,1.675992,8.442213
221096820809704,ACC,1.482056,1.853169,8.444607
221096822809537,ACC,1.494027,2.375121,8.475733
221096822210173,MAG,31.920000,-10.620000,-38.099998
221096824809303,ACC,1.477268,2.542720,8.482916
221096826809069,ACC,1.424594,2.722291,8.494887
221096828808802,ACC,1.395862,3.071855,8.480521
221096830808568,ACC,1.302485,3.373533,8.415876
221096832808334,ACC,1.192349,3.639298,8.348836
221096832208939,MAG,31.619999,-10.679999,-37.919998
221096834808100,ACC,1.137281,3.761406,8.348836
221096836807866,ACC,0.991230,3.943371,8.372779
221096838807699,ACC,0.845179,4.103787,8.458973
221096840807465,ACC,0.768562,4.182798,8.540379
221096842807231,ACC,0.588992,4.321666,8.743892
221096842207639,MAG,31.799999,-10.260000,-37.559998
221096844806997,ACC,0.383084,4.429409,8.992896
221096846806763,ACC,0.268159,4.458140,9.107821
221096848806529,ACC,0.033520,4.494054,9.337671
221096850806295,ACC,-0.227456,4.520391,9.545974
221096852806061,ACC,-0.526740,4.522785,9.780613
221096852206405,MAG,31.920000,-10.380000,-38.160000
221096854805894,ACC,-0.682368,4.508420,9.902720
221096856805660,ACC,-0.962498,4.482082,10.178062
221096858805426,ACC,-1.249811,4.446168,10.470163
221096860805192,ACC,-1.379102,4.431803,10.618608
221096862804958,ACC,-1.604164,4.393494,10.925076
221096862205171,MAG,31.740000,-9.300000,-38.219997
221096864804724,ACC,-1.709512,4.376734,11.071127
221096866804490,ACC,-1.898660,4.350397,11.332103
221096868804256,ACC,-2.037528,4.338426,11.530828
221096870804056,ACC,-2.109356,4.336032,11.614627
221096872803789,ACC,-2.260195,4.348003,11.741524
221096872203871,MAG,31.740000,-8.760000,-38.579998
221096874803522,ACC,-2.288927,4.359974,11.748707
221096876803255,ACC,-2.308081,4.376734,11.739129
221096878802988,ACC,-2.296109,4.393494,11.691244
221096880802721,ACC,-2.253013,4.429409,11.633781
221096882802454,ACC,-2.178790,4.472506,11.552376
221096882202637,MAG,31.679998,-8.280000,-38.820000
221096884802254,ACC,-2.118933,4.484477,11.490125
221096886802054,ACC,-1.968094,4.510814,11.365623
221096888801787,ACC,-1.788523,4.522785,11.272245
221096890801520,ACC,-1.707118,4.544333,11.214784
221096892801253,ACC,-1.513182,4.589825,11.102252
221096892201403,MAG,31.379999,-7.620000,-39.000000
221096894800986,ACC,-1.350371,4.642499,10.980145
221096896800719,ACC,-1.292908,4.668836,10.920287
221096898800452,ACC,-1.230657,4.721510,10.757477
221096900800252,ACC,-1.199532,4.762213,10.601849
221096902799985,ACC,-1.242629,4.798127,10.472558
221096902200103,MAG,30.840000,-7.740000,-38.700001
221096904799718,ACC,-1.295303,4.822070,10.415095
221096906799451,ACC,-1.407834,4.879532,10.295382
221096908799184,ACC,-1.482056,4.910657,10.245102
221096910798917,ACC,-1.652050,4.982486,10.146936
221096912798683,ACC,-1.824437,5.013611,10.060742
221096912198903,MAG,30.480000,-7.560000,-38.820000
221096914798416,ACC,-1.924997,5.027977,10.020041
221096916798216,ACC,-2.138088,5.054314,9.912297
221096918797949,ACC,-2.370332,5.063891,9.759064
221096920797682,ACC,-2.509200,5.044737,9.684841
221096922797415,ACC,-2.952141,4.963332,9.387952
221096922197669,MAG,30.299999,-7.560000,-39.000000
221096924797148,ACC,-3.126923,4.927418,9.296969
221096926796881,ACC,-3.311282,4.889109,9.222747
221096928796614,ACC,-3.665635,4.798127,9.103033
221096930796347,ACC,-4.053507,4.702356,8.978531
221096932796147,ACC,-4.438985,4.597008,8.851634
221096932196435,MAG,30.059999,-7.740000,-38.820000
221096934795880,ACC,-4.618556,4.541939,8.806143
221096936795613,ACC,-4.939389,4.453351,8.751075
221096938795346,ACC,-5.217125,4.429409,8.794171
221096940795079,ACC,-5.320079,4.400677,8.854029
221096942794812,ACC,-5.504438,4.376734,9.026416
221096942195201,MAG,30.059999,-7.380000,-39.299999
221096944794545,ACC,-5.633729,4.355186,9.244295
221096946794278,ACC,-5.672037,4.355186,9.359221
221096948794078,ACC,-5.695980,4.386312,9.605830
221096950793811,ACC,-5.672037,4.448563,9.845258
221096952793544,ACC,-5.593026,4.489265,9.988914
221096952193967,MAG,30.299999,-7.440000,-39.059998
221096954793277,ACC,-5.537958,4.513208,10.051166
221096956793010,ACC,-5.425426,4.561093,10.151725
221096958792743,ACC,-5.370358,4.594614,10.204399
221096960792476,ACC,-5.255433,4.683201,10.369604
221096962792276,ACC,-5.152479,4.752635,10.549175
221096962192733,MAG,30.119999,-7.500000,-39.480000
221096964792076,ACC,-5.092622,4.786155,10.637763
221096966791809,ACC,-4.980092,4.896292,10.783813
221096968791542,ACC,-4.848406,5.001640,10.896344
221096970791275,ACC,-4.771790,5.047131,10.929865
221096972790975,ACC,-4.477294,5.169240,10.913105
221096972191499,MAG,30.420000,-7.440000,-39.779999
221096974790708,ACC,-4.367157,5.197970,10.867614
221096976790441,ACC,-4.230684,5.224308,10.822123
221096978790241,ACC,-3.909851,5.291348,10.697619
221096980790041,ACC,-3.538738,5.367964,10.534809
221096982789774,ACC,-3.124529,5.425426,10.348056
221096982190199,MAG,30.480000,-7.680000,-39.719997
221096984789507,ACC,-2.921015,5.456553,10.237919
221096986789240,ACC,-2.513988,5.542746,10.017646
221096988788973,ACC,-2.135693,5.583449,9.907509
221096990788706,ACC,-1.968094,5.669643,9.696813
221096992788439,ACC,-1.678387,5.741471,9.500483
221096992188965,MAG,30.420000,-7.620000,-39.719997
221096994788239,ACC,-1.465296,5.777385,9.364009
221096996787972,ACC,-1.395862,5.782174,9.301758
221096998787705,ACC,-1.290514,5.770202,9.220352
221097000787438,ACC,-1.264177,5.705557,9.088667
221097002787171,ACC,-1.292908,5.621757,8.940222
221097002187731,MAG,30.299999,-7.680000,-39.239998
221097004786904,ACC,-1.343188,5.576266,8.861211
221097006786637,ACC,-1.505999,5.470918,8.691217
221097008786370,ACC,-1.613741,5.396696,8.578687
221097010786170,ACC,-1.917814,5.226702,8.363202
221097012785936,ACC,-2.253013,5.063891,8.164477
221097012186464,MAG,30.119999,-7.920000,-39.119999
221097014785702,ACC,-2.446949,4.972909,8.078283
221097016785468,ACC,-2.861158,4.788549,7.951386
221097018785234,ACC,-3.277762,4.647287,7.915473
221097020785000,ACC,-3.486064,4.570671,7.927444
221097022784766,ACC,-4.115758,4.482082,8.104620
221097022185264,MAG,30.539999,-7.920000,-38.700001
221097024784532,ACC,-4.326455,4.443774,8.238700
221097026784365,ACC,-4.532362,4.434197,8.394327
221097028784165,ACC,-4.934600,4.443774,8.700794
221097030783965,ACC,-5.346416,4.438985,9.033599
221097032783765,ACC,-5.753442,4.453351,9.352037
221097032184097,MAG,30.660000,-7.740000,-38.759998
221097034783565,ACC,-5.940196,4.462928,9.478934
221097036783365,ACC,-6.261029,4.470111,9.663293
221097038783165,ACC,-6.505245,4.503631,9.737515
221097040782965,ACC,-6.605804,4.522785,9.754275
221097042782831,ACC,-6.718335,4.556305,9.763853
221097042182930,MAG,31.139999,-7.680000,-38.579998
221097044782697,ACC,-6.780586,4.575459,9.763853
221097046782563,ACC,-6.771009,4.599402,9.747093
221097048782429,ACC,-6.711152,4.625739,9.737515
221097050782295,ACC,-6.569890,4.630527,9.751882
221097052782161,ACC,-6.368771,4.632922,9.821315
221097052181830,MAG,31.679998,-7.440000,-38.459999
221097054782027,ACC,-6.234692,4.642499,9.857229
221097056781960,ACC,-5.923436,4.671230,9.953000
221097058781893,ACC,-5.765414,4.680807,10.003280
221097060781759,ACC,-5.473312,4.707144,10.127783
221097062781625,ACC,-5.190788,4.740664,10.223554
221097062180730,MAG,31.679998,-7.620000,-38.340000
221097064781491,ACC,-5.042343,4.776578,10.254679
221097066781357,ACC,-4.752635,4.848406,10.261862
221097068781223,ACC,-4.484477,4.948966,10.269045
221097070781089,ACC,-4.350397,5.011217,10.247497
221097072780989,ACC,-3.933794,5.138114,10.187639
221097072179630,MAG,31.859999,-7.980000,-38.399998
221097074780822,ACC,-3.809291,5.286559,10.111023
221097076780655,ACC,-3.696760,5.367964,10.072714
221097078780488,ACC,-3.493247,5.509226,9.993703
221097080780321,ACC,-3.351985,5.648094,9.919480
221097082780154,ACC,-3.244242,5.782174,9.852441
221097082178530,MAG,31.740000,-8.280000,-38.160000
221097084779987,ACC,-3.213117,5.830059,9.821315
221097086779820,ACC,-3.148471,5.925830,9.768641
221097088779686,ACC,-3.126923,5.966533,9.744699
221097090779486,ACC,-3.112557,6.004841,9.718362
221097092779286,ACC,-3.153260,6.023995,9.677659
221097092177363,MAG,31.679998,-8.460000,-38.160000
221097094779086,ACC,-3.170020,6.023995,9.663293
221097096778886,ACC,-3.232271,5.992870,9.636956
221097098778686,ACC,-3.316071,5.909070,9.615408
221097100778486,ACC,-3.409447,5.858790,9.596253
221097102778286,ACC,-3.536344,5.676826,9.579494
221097102176263,MAG,31.980000,-8.580000,-38.340000
221097104778086,ACC,-3.589018,5.595420,9.555551
221097106777819,ACC,-3.711126,5.406272,9.557945
221097108777552,ACC,-3.768589,5.305713,9.560339
221097110777285,ACC,-3.881119,5.095017,9.589070
221097112777018,ACC,-4.010410,4.846012,9.651321
221097112175129,MAG,32.340000,-9.000000,-37.860001
221097114776751,ACC,-4.075056,4.714327,9.699207
221097116776484,ACC,-4.189981,4.453351,9.790190
221097118776217,ACC,-4.336032,4.178010,9.885961
221097120776017,ACC,-4.400677,4.051113,9.924269
221097122775750,ACC,-4.544333,3.802108,9.969760
221097122173929,MAG,33.000000,-9.599999,-38.459999
221097124775483,ACC,-4.659259,3.593807,9.979338
221097126775216,ACC,-4.719116,3.493247,9.962578
221097128774949,ACC,-4.843618,3.347196,9.926663
221097130774682,ACC,-4.951360,3.244242,9.866806
221097132774415,ACC,-5.049526,3.186780,9.790190
221097132172795,MAG,33.180000,-10.260000,-38.459999
221097134774215,ACC,-5.095017,3.181991,9.747093
221097136774015,ACC,-5.183605,3.186780,9.684841
221097138773748,ACC,-5.212336,3.198751,9.653716
221097140773481,ACC,-5.257827,3.246637,9.577099
221097142773214,ACC,-5.298530,3.316071,9.512454
221097142171661,MAG,32.880001,-10.800000,-38.520000
221097144772947,ACC,-5.312896,3.347196,9.488511
221097146772680,ACC,-5.329656,3.414236,9.452597
221097148772413,ACC,-5.394301,3.469304,9.407105
221097150772213,ACC,-5.411061,3.493247,9.385557
221097152771946,ACC,-5.461341,3.529161,9.304152
221097152170461,MAG,32.459999,-11.280000,-39.059998
221097154771679,ACC,-5.473312,3.553104,9.296969
221097156771412,ACC,-5.494861,3.562681,9.275420
221097158771145,ACC,-5.482889,3.557892,9.277815
221097160770878,ACC,-5.463735,3.577047,9.289786
221097162770611,ACC,-5.425426,3.572258,9.287392
221097162169327,MAG,31.980000,-11.099999,-38.700001
221097164770344,ACC,-5.413455,3.569864,9.292180
221097166770144,ACC,-5.348810,3.579441,9.318518
221097168769877,ACC,-5.262616,3.579441,9.335278
221097170769610,ACC,-5.219519,3.577047,9.328094
221097172769343,ACC,-5.109383,3.577047,9.225141
221097172168193,MAG,31.559999,-11.340000,-38.879997
221097174769076,ACC,-4.982486,3.524373,9.047964
221097176768809,ACC,-4.925023,3.502824,8.992896
221097178768542,ACC,-4.786155,3.505218,8.983319
221097180768275,ACC,-4.623344,3.490853,8.928250
221097182768075,ACC,-4.438985,3.452544,8.875577
221097182167059,MAG,31.500000,-11.460000,-38.939999
221097184767808,ACC,-4.359974,3.447756,8.875577
221097186767541,ACC,-4.189981,3.419024,8.911490
221097188767274,ACC,-4.087027,3.402265,8.940222
221097190767007,ACC,-3.883514,3.320859,9.040782
221097192766740,ACC,-3.682395,3.222694,9.265843
221097192165925,MAG,31.199999,-12.059999,-38.879997
221097194766473,ACC,-3.586624,3.148471,9.457385
221097196766206,ACC,-3.423813,2.932987,10.010463
221097198766006,ACC,-3.287339,2.688771,10.666494
221097200765739,ACC,-3.244242,2.547508,10.975356
221097202765472,ACC,-3.210722,2.090202,11.693638
221097202164791,MAG,30.539999,-13.139999,-38.759998
221097204765205,ACC,-3.234665,1.924997,11.854054
221097206764938,ACC,-3.330436,1.781340,11.980951
221097208764671,ACC,-3.392687,1.513182,12.117425
221097210764404,ACC,-3.517190,1.297697,12.148550
221097212764204,ACC,-3.608172,1.106155,12.062357
221097212163624,MAG,30.179998,-13.679999,-38.040001
221097214764004,ACC,-3.651269,1.029538,11.983345
221097216763737,ACC,-3.699155,0.902642,11.763072
221097218763470,ACC,-3.680000,0.806871,11.487731
221097220763203,ACC,-3.646481,0.773351,11.339286
221097222762936,ACC,-3.548315,0.718282,11.061549
221097222162490,MAG,29.459999,-14.820000,-37.739998
221097224762669,ACC,-3.399870,0.699128,10.776631
221097226762402,ACC,-3.299311,0.701523,10.652128
221097228762202,ACC,-3.110163,0.699128,10.458193
221097230762002,ACC,-2.952141,0.687157,10.345661
221097232761735,ACC,-2.770176,0.656031,10.271439
221097232161290,MAG,29.279999,-15.179999,-37.860001
221097234761468,ACC,-2.710319,0.632089,10.240314
221097236761201,ACC,-2.590605,0.588992,10.190034
221097238760934,ACC,-2.554691,0.550683,10.156514
221097240760667,ACC,-2.511594,0.454912,10.034406
221097242760400,ACC,-2.528354,0.328016,9.907509
221097242160156,MAG,28.740000,-15.540000,-37.739998
221097244760200,ACC,-2.545114,0.263370,9.862018
221097246759933,ACC,-2.600183,0.146051,9.785401
221097248759666,ACC,-2.645674,0.007183,9.814133
221097250759399,ACC,-2.695953,-0.055068,9.866806
221097252759132,ACC,-2.882707,-0.234639,10.079897
221097252159022,MAG,28.619999,-16.080000,-38.099998
221097254758865,ACC,-2.940170,-0.292102,10.190034
221097256758598,ACC,-3.011998,-0.344776,10.307353
221097258758331,ACC,-3.177203,-0.418998,10.503684
221097260758131,ACC,-3.325648,-0.466884,10.668888
221097262757864,ACC,-3.454939,-0.469278,10.798180
221097262157822,MAG,28.619999,-16.619999,-38.279999
221097264757597,ACC,-3.526767,-0.471672,10.846065
221097266757330,ACC,-3.670423,-0.450124,10.867614
221097268757063,ACC,-3.785348,-0.383084,10.843671
221097270756796,ACC,-3.828445,-0.332804,10.822123
221097272756529,ACC,-3.873937,-0.246610,10.743111
221097272156688,MAG,28.439999,-17.219999,-37.619999
221097274756262,ACC,-3.926611,-0.141262,10.642551
221097276756062,ACC,-3.933794,-0.083800,10.597060
221097278755795,ACC,-3.938582,0.021548,10.520444
221097280755528,ACC,-3.919428,0.105348,10.439038
221097282755261,ACC,-3.881119,0.165205,10.338479
221097282155554,MAG,28.740000,-17.820000,-37.259998
221097284754994,ACC,-3.854782,0.196331,10.276228
221097286754727,ACC,-3.806897,0.246610,10.161303
221097288754460,ACC,-3.802108,0.253793,10.132571
221097290754193,ACC,-3.794926,0.239427,10.087080
221097292753993,ACC,-3.802108,0.189148,10.111023
221097292154420,MAG,28.619999,-18.660000,-37.079998
221097294753726,ACC,-3.816474,0.160416,10.122993
221097296753459,ACC,-3.897879,0.093377,10.156514
221097298753192,ACC,-4.010410,-0.009577,10.209188
221097300752925,ACC,-4.077450,-0.067040,10.245102
221097302752658,ACC,-4.257020,-0.198725,10.331296
221097302153286,MAG,28.559999,-19.080000,-36.660000
221097304752391,ACC,-4.331243,-0.239427,10.374393
221097306752191,ACC,-4.412649,-0.287313,10.417490
221097308751991,ACC,-4.537151,-0.359141,10.491713
221097310751724,ACC,-4.652076,-0.430969,10.594666
221097312751457,ACC,-4.740664,-0.524346,10.685649
221097312152119,MAG,28.680000,-19.920000,-36.119999
221097314751190,ACC,-4.795732,-0.560260,10.733534
221097316750923,ACC,-4.903475,-0.651243,10.846065
221097318750656,ACC,-4.989669,-0.696734,10.922682
221097320750389,ACC,-5.030371,-0.761379,10.968173
221097322750189,ACC,-5.085440,-0.840390,11.013664
221097322150952,MAG,28.980000,-20.639999,-36.059998
221097324749922,ACC,-5.140508,-0.921796,11.037607
221097326749655,ACC,-5.162056,-0.945739,11.051972
221097328749388,ACC,-5.200365,-0.952921,11.095070
221097330749121,ACC,-5.243462,-0.967287,11.190841
221097332748854,ACC,-5.226702,-0.974470,11.195629
221097332149752,MAG,29.219999,-21.000000,-35.639999
221097334748587,ACC,-5.233885,-0.993624,11.157321
221097336748320,ACC,-5.238673,-1.029538,11.054367
221097338748120,ACC,-5.236279,-1.070241,10.984933
221097340747853,ACC,-5.221913,-1.101366,10.956202
221097342747586,ACC,-5.200365,-1.185166,10.891556
221097342148485,MAG,29.340000,-21.779999,-35.160000
221097344747319,ACC,-5.190788,-1.225869,10.872402
221097346747052,ACC,-5.142902,-1.309668,10.817333
221097348746785,ACC,-5.049526,-1.407834,10.673677
221097350746518,ACC,-4.999246,-1.460508,10.601849
221097352746251,ACC,-4.846012,-1.601770,10.398335
221097352147218,MAG,29.099998,-22.379999,-34.980000
221097354746051,ACC,-4.802915,-1.637684,10.331296
221097356745784,ACC,-4.767001,-1.671204,10.283410
221097358745517,ACC,-4.711933,-1.702329,10.209188
221097360745250,ACC,-4.687990,-1.714301,10.190034
221097362744983,ACC,-4.664047,-1.702329,10.225947
221097362145951,MAG,28.920000,-22.920000,-34.200001
221097364744716,ACC,-4.649682,-1.687964,10.261862
221097366744449,ACC,-4.652076,-1.642473,10.348056
221097368744182,ACC,-4.659259,-1.616135,10.405519
221097370743982,ACC,-4.666441,-1.575433,10.491713
221097372743715,ACC,-4.652076,-1.505999,10.546781
221097372144617,MAG,28.980000,-23.760000,-33.779999
221097374743448,ACC,-4.652076,-1.470085,10.546781
221097376743181,ACC,-4.644893,-1.410228,10.539598
221097378742914,ACC,-4.630527,-1.355160,10.489318
221097380742647,ACC,-4.589825,-1.292908,10.419884
221097382742380,ACC,-4.537151,-1.245023,10.343267
221097382143350,MAG,29.099998,-24.420000,-33.719997
221097384742180,ACC,-4.508420,-1.223474,10.319324
221097386741980,ACC,-4.441380,-1.151646,10.245102
221097388741713,ACC,-4.407860,-1.115732,10.213976
221097390741446,ACC,-4.340820,-1.024750,10.221159
221097392741179,ACC,-4.280963,-0.936161,10.182851
221097392142083,MAG,28.859999,-25.139999,-33.239998
221097394740912,ACC,-4.254626,-0.900247,10.158908
221097396740645,ACC,-4.218712,-0.833208,10.089474
221097398740378,ACC,-4.233078,-0.797293,10.053560
221097400740178,ACC,-4.245049,-0.758985,10.046377
221097402739911,ACC,-4.292935,-0.689551,10.022434
221097402140749,MAG,28.740000,-25.920000,-33.119999
221097404739644,ACC,-4.336032,-0.665608,10.032011
221097406739377,ACC,-4.388706,-0.663214,10.039194
221097408739110,ACC,-4.515602,-0.644060,10.139753
221097410738843,ACC,-4.652076,-0.636877,10.273833
221097412738576,ACC,-4.764607,-0.605752,10.462981
221097412139482,MAG,28.559999,-26.639999,-32.700001
221097414738309,ACC,-4.819675,-0.591386,10.585089
221097416738109,ACC,-4.901081,-0.557866,10.831699
221097418737842,ACC,-4.917840,-0.526740,10.980145
221097420737575,ACC,-4.913052,-0.459701,11.289005
221097422737308,ACC,-4.896292,-0.395055,11.605050
221097422138215,MAG,28.199999,-27.180000,-31.799999
221097424737041,ACC,-4.826858,-0.351958,11.743917
221097426736774,ACC,-4.788549,-0.275342,12.009683
221097428736507,ACC,-4.707144,-0.220273,12.258687
221097430736240,ACC,-4.613768,-0.196331,12.522058
221097432736040,ACC,-4.517997,-0.129291,12.773457
221097432136948,MAG,28.260000,-27.359999,-31.920000
221097434735806,ACC,-4.470111,-0.117319,12.878804
221097436735572,ACC,-4.381523,-0.093377,13.015278
221097438735338,ACC,-4.338426,-0.102954,13.044009
221097440735104,ACC,-4.257020,-0.117319,12.991335
221097442734870,ACC,-4.180404,-0.148445,12.840496
221097442135714,MAG,28.139999,-27.660000,-31.559999
221097444734636,ACC,-4.151672,-0.155628,12.739936
221097446734402,ACC,-4.108575,-0.148445,12.553183
221097448734235,ACC,-4.077450,-0.167599,12.373612
221097450734001,ACC,-4.082239,-0.169994,12.282630
221097452733767,ACC,-4.115758,-0.174782,12.115030
221097452134480,MAG,27.840000,-28.019999,-31.859999
221097454733533,ACC,-4.170827,-0.201119,11.980951
221097456733299,ACC,-4.209135,-0.217879,11.916306
221097458733065,ACC,-4.290541,-0.251399,11.825323
221097460732831,ACC,-4.357580,-0.328016,11.763072
221097462732664,ACC,-4.412649,-0.423787,11.669696
221097462133246,MAG,27.480000,-28.260000,-31.980000
221097464732497,ACC,-4.438985,-0.493221,11.593079
221097466732263,ACC,-4.498842,-0.648848,11.437450
221097468732029,ACC,-4.539545,-0.725465,11.346468
221097470731795,ACC,-4.642499,-0.893064,11.092675
221097472731561,ACC,-4.755030,-1.065452,10.750294
221097472132012,MAG,26.939999,-28.680000,-31.199999
221097474731327,ACC,-4.810098,-1.144463,10.570724
221097476731093,ACC,-4.915446,-1.319245,10.237919
221097478730926,ACC,-5.049526,-1.465296,9.996098
221097480730759,ACC,-5.162056,-1.539519,9.902720
221097482730525,ACC,-5.248250,-1.798100,9.713573
221097482130712,MAG,26.400000,-28.799999,-31.019999
221097484730291,ACC,-5.276982,-1.910631,9.660899
221097486730057,ACC,-5.281770,-2.121327,9.574705
221097488729823,ACC,-5.279376,-2.224281,9.536397
221097490729589,ACC,-5.243462,-2.423006,9.447808
221097492729355,ACC,-5.171634,-2.638491,9.356826
221097492129478,MAG,26.279999,-28.980000,-30.420000
221097494729155,ACC,-5.133325,-2.724685,9.316123
221097496728888,ACC,-5.061497,-2.911438,9.227535
221097498728621,ACC,-4.977697,-3.031152,9.105427
221097500728354,ACC,-4.929812,-3.076643,9.057542
221097502728087,ACC,-4.817281,-3.112557,8.964165
221097502128244,MAG,26.160000,-29.580000,-30.719999
221097504727820,ACC,-4.692779,-3.100586,8.899520
221097506727553,ACC,-4.613768,-3.083826,8.873182
221097508727286,ACC,-4.438985,-3.023969,8.854029
221097510727086,ACC,-4.213923,-2.942564,8.889942
221097512726819,ACC,-3.962525,-2.863553,8.956982
221097512126944,MAG,26.219999,-29.820000,-30.719999
221097514726552,ACC,-3.835628,-2.818061,8.992896
221097516726285,ACC,-3.569864,-2.729473,9.069513
221097518726018,ACC,-3.299311,-2.667222,9.117398
221097520725751,ACC,-3.162837,-2.633702,9.134158
221097522725484,ACC,-2.932987,-2.588211,9.191621
221097522125710,MAG,26.039999,-30.539999,-30.660000
221097524725217,ACC,-2.810879,-2.552297,9.208381
221097526725017,ACC,-2.585817,-2.499623,9.229929
221097528724750,ACC,-2.384698,-2.466103,9.237112
221097530724483,ACC,-2.296109,-2.458920,9.241900
221097532724216,ACC,-2.004008,-2.451737,9.227535
221097532124476,MAG,25.320000,-30.779999,-30.539999
221097534723949,ACC,-1.917814,-2.449343,9.220352
221097536723682,ACC,-1.733455,-2.446949,9.229929
221097538723415,ACC,-1.642473,-2.439766,9.222747
221097540723148,ACC,-1.455719,-2.439766,9.227535
221097542722948,ACC,-1.271360,-2.418218,9.191621
221097542123242,MAG,24.539999,-30.599998,-30.059999
221097544722681,ACC,-1.182772,-2.415823,9.167678
221097546722414,ACC,-1.029538,-2.403852,9.103033
221097548722147,ACC,-0.876305,-2.394275,9.014444
221097550721880,ACC,-0.809265,-2.389486,8.968953
221097552721613,ACC,-0.699128,-2.360755,8.851634
221097552122008,MAG,24.059999,-30.660000,-30.840000
221097554721346,ACC,-0.636877,-2.308081,8.810931
221097556721146,ACC,-0.617723,-2.286532,8.808537
221097558720946,ACC,-0.586597,-2.241041,8.834874
221097560720679,ACC,-0.569837,-2.209916,8.918674
221097562720412,ACC,-0.574626,-2.188367,9.026416
221097562120774,MAG,23.400000,-30.359999,-30.719999
221097564720145,ACC,-0.572232,-2.181184,9.067119
221097566719878,ACC,-0.620117,-2.200339,9.126976
221097568719611,ACC,-0.648848,-2.219493,9.124581
221097570719344,ACC,-0.744619,-2.272167,9.074302
221097572719144,ACC,-0.866727,-2.308081,8.985713
221097572119540,MAG,22.799999,-30.599998,-31.019999
221097574718877,ACC,-0.940950,-2.339206,8.913885
221097576718610,ACC,-1.132492,-2.375121,8.798960
221097578718343,ACC,-1.338400,-2.403852,8.684034
221097580718076,ACC,-1.443748,-2.406246,8.638543
221097582717809,ACC,-1.733455,-2.379909,8.511647
221097582118306,MAG,22.379999,-30.599998,-31.260000
221097584717542,ACC,-1.805283,-2.367938,8.478127
221097586717275,ACC,-1.862746,-2.358361,8.451790
221097588717075,ACC,-1.948940,-2.339206,8.444607
221097590716808,ACC,-1.953728,-2.334418,8.456578
221097592716541,ACC,-1.901054,-2.324841,8.514041
221097592117006,MAG,21.539999,-30.539999,-30.959999
221097594716274,ACC,-1.855563,-2.329629,8.540379
221097596716007,ACC,-1.750215,-2.336812,8.607418
221097598715773,ACC,-1.596981,-2.351178,8.700794
221097600715506,ACC,-1.498816,-2.355966,8.746285
221097602715239,ACC,-1.319245,-2.372726,8.880365
221097602115772,MAG,21.180000,-30.599998,-31.559999
221097604715039,ACC,-1.156435,-2.384698,8.976136
221097606714772,ACC,-1.108549,-2.389486,8.997684
221097608714505,ACC,-1.055875,-2.401458,9.000079
221097610714238,ACC,-1.036721,-2.427795,8.956982
221097612713971,ACC,-1.048692,-2.470892,8.916280
221097612114538,MAG,20.879999,-30.240000,-31.379999
221097614713704,ACC,-1.055875,-2.497229,8.913885
221097616713437,ACC,-1.084607,-2.494834,8.925857
221097618713170,ACC,-1.079818,-2.497229,8.921068
221097620712970,ACC,-1.063058,-2.492440,8.978531
221097622712703,ACC,-1.012778,-2.475680,9.095850
221097622113238,MAG,20.639999,-30.359999,-31.500000
221097624712436,ACC,-0.986441,-2.466103,9.184438
221097626712169,ACC,-0.885882,-2.451737,9.385557
221097628711902,ACC,-0.799688,-2.432583,9.613013
221097630711635,ACC,-0.761379,-2.425400,9.727939
221097632711368,ACC,-0.663214,-2.444555,10.003280
221097632112004,MAG,20.760000,-30.420000,-31.439999
221097634711168,ACC,-0.663214,-2.456526,10.151725
221097636710968,ACC,-0.660820,-2.463709,10.328901
221097638710701,ACC,-0.670397,-2.463709,10.664100
221097640710434,ACC,-0.720677,-2.449343,10.984933
221097642710167,ACC,-0.826025,-2.403852,11.260275
221097642110770,MAG,20.400000,-30.299999,-31.260000
221097644709900,ACC,-0.873910,-2.377515,11.370411
221097646709633,ACC,-0.945739,-2.310475,11.535616
221097648709366,ACC,-0.991230,-2.276955,11.597867
221097650709166,ACC,-1.000807,-2.238647,11.602655
221097652708966,ACC,-1.005595,-2.185973,11.547587
221097652109536,MAG,20.160000,-30.299999,-31.559999
221097654708699,ACC,-0.950527,-2.130905,11.435057
221097656708432,ACC,-0.917007,-2.094990,11.382382
221097658708132,ACC,-0.823631,-2.042316,11.303371
221097660707865,ACC,-0.703917,-1.992037,11.236332
221097662707598,ACC,-0.524346,-1.948940,11.257880
221097662108302,MAG,19.619999,-29.879999,-31.740000
221097664707331,ACC,-0.426181,-1.917814,11.269852
221097666707131,ACC,-0.244216,-1.857957,11.317737
221097668706864,ACC,-0.150839,-1.838803,11.332103
221097670706597,ACC,0.035914,-1.805283,11.312948
221097672706330,ACC,0.191542,-1.781340,11.284217
221097672107068,MAG,18.959999,-30.119999,-32.099998
221097674706063,ACC,0.275342,-1.790918,11.265063
221097676705796,ACC,0.402238,-1.817255,11.186052
221097678705529,ACC,0.502798,-1.865140,11.049579
221097680705262,ACC,0.541106,-1.896266,10.972961
221097682705062,ACC,0.622511,-1.996825,10.769448
221097682105834,MAG,18.840000,-30.000000,-32.520000
221097684704795,ACC,0.622511,-2.039922,10.707197
221097686704528,ACC,0.622511,-2.090202,10.654523
221097688704261,ACC,0.605752,-2.171607,10.597060
221097690703994,ACC,0.581809,-2.243435,10.585089
221097692703727,ACC,0.517163,-2.310475,10.592272
221097692104600,MAG,18.480000,-29.760000,-33.059998
221097694703460,ACC,0.469278,-2.343995,10.616215
221097696703193,ACC,0.354353,-2.401458,10.683254
221097698702993,ACC,0.205908,-2.458920,10.762265
221097700702726,ACC,0.122108,-2.470892,10.802968
221097702702459,ACC,-0.011971,-2.463709,10.898739
221097702103366,MAG,18.480000,-29.639999,-33.239998
221097704702192,ACC,-0.172388,-2.439766,10.963385
221097706701925,ACC,-0.249005,-2.420612,10.996904
221097708701658,ACC,-0.361535,-2.343995,11.068732
221097710701391,ACC,-0.462095,-2.255407,11.095070
221097712701124,ACC,-0.505192,-2.128510,11.095070
221097712102132,MAG,18.119999,-29.219999,-33.180000
221097714700924,ACC,-0.507586,-2.066259,11.104647
221097716700657,ACC,-0.500403,-1.915420,11.099858
221097718700390,ACC,-0.488432,-1.831620,11.097464
221097720700123,ACC,-0.440547,-1.668810,11.114223
221097722699856,ACC,-0.344776,-1.525153,11.126195
221097722100898,MAG,18.000000,-29.099998,-33.239998
221097724699589,ACC,-0.294496,-1.465296,11.147743
221097726699322,ACC,-0.203513,-1.357554,11.212389
221097728699122,ACC,-0.079011,-1.259389,11.300977
221097730698922,ACC,-0.031126,-1.225869,11.351257
221097732698655,ACC,0.112531,-1.194743,11.463788
221097732099598,MAG,18.299999,-29.039999,-33.239998
221097734698388,ACC,0.146051,-1.170800,11.497308
221097736698121,ACC,0.172388,-1.173195,11.528433
221097738697854,ACC,0.210696,-1.182772,11.559559
221097740697587,ACC,0.237033,-1.213897,11.554770
221097742697320,ACC,0.275342,-1.247417,11.516461
221097742098331,MAG,18.180000,-29.219999,-33.239998
221097744697120,ACC,0.311256,-1.283331,11.478153
221097746696853,ACC,0.402238,-1.369525,11.363228
221097748696586,ACC,0.445335,-1.412622,11.300977
221097750696319,ACC,0.488432,-1.472479,11.176475
221097752696052,ACC,0.495615,-1.549096,11.042396
221097752097064,MAG,18.299999,-29.219999,-33.599998
221097754695785,ACC,0.500403,-1.577827,10.992116
221097756695518,ACC,0.490826,-1.618530,10.910710
221097758695251,ACC,0.442941,-1.668810,10.858036
221097760695051,ACC,0.373507,-1.702329,10.805362
221097762694784,ACC,0.265765,-1.733455,10.743111
221097762095730,MAG,18.000000,-28.920000,-33.480000
221097764694517,ACC,0.217879,-1.747821,10.700014
221097766694250,ACC,0.134079,-1.798100,10.611426
221097768693983,ACC,0.093377,-1.817255,10.539598
221097770693716,ACC,0.023943,-1.855563,10.395941
221097772693449,ACC,-0.026337,-1.913026,10.245102
221097772094463,MAG,17.639999,-28.980000,-33.719997
221097774693182,ACC,-0.067040,-1.934574,10.163696
221097776692982,ACC,-0.165205,-1.963305,10.003280
221097778692715,ACC,-0.275342,-2.001614,9.897932
221097780692448,ACC,-0.342381,-2.015979,9.852441
221097782692181,ACC,-0.577020,-2.037528,9.804555
221097782093196,MAG,17.820000,-28.799999,-33.540001
221097784691914,ACC,-0.653637,-2.035134,9.787795
221097786691647,ACC,-0.735042,-2.035134,9.799767
221097788691380,ACC,-0.912219,-2.018374,9.862018
221097790691113,ACC,-1.051087,-1.989642,9.945818
221097792690913,ACC,-1.192349,-1.968094,10.015251
221097792091929,MAG,18.480000,-28.799999,-33.480000
221097794690646,ACC,-1.249811,-1.944151,10.034406
221097796690379,ACC,-1.343188,-1.922603,10.089474
221097798690112,ACC,-1.374314,-1.898660,10.122993
221097800689845,ACC,-1.429382,-1.829226,10.154119
221097802689578,ACC,-1.426988,-1.762186,10.134965
221097802090662,MAG,18.840000,-28.920000,-33.899998
221097804689311,ACC,-1.431776,-1.721484,10.144543
221097806689111,ACC,-1.379102,-1.630501,10.154119
221097808688911,ACC,-1.316851,-1.544307,10.168485
221097810688644,ACC,-1.204320,-1.501210,10.192428
221097812688377,ACC,-1.067847,-1.362342,10.240314
221097812089395,MAG,19.020000,-28.920000,-33.360001
221097814688110,ACC,-0.974470,-1.326428,10.271439
221097816687843,ACC,-0.747014,-1.249811,10.321719
221097818687576,ACC,-0.514769,-1.216292,10.350450
221097820687309,ACC,-0.397450,-1.149252,10.369604
221097822687109,ACC,-0.169994,-1.091789,10.379181
221097822088128,MAG,18.900000,-28.619999,-33.540001
221097824686842,ACC,-0.059857,-1.067847,10.371999
221097826686575,ACC,0.174782,-1.024750,10.338479
221097828686308,ACC,0.392661,-1.007990,10.269045
221097830686041,ACC,0.500403,-1.003201,10.233130
221097832685774,ACC,0.703917,-0.974470,10.163696
221097832086861,MAG,18.900000,-28.500000,-33.000000
221097834685474,ACC,0.866727,-0.955316,10.115811
221097836685207,ACC,0.948133,-0.945739,10.108628
221097838685007,ACC,1.098972,-0.912219,10.122993
221097840684773,ACC,1.228263,-0.859545,10.168485
221097842684539,ACC,1.333611,-0.799688,10.161303
221097842085561,MAG,18.779999,-28.439999,-32.939999
221097844684305,ACC,1.383891,-0.770957,10.144543
221097846684071,ACC,1.460508,-0.696734,10.137360
221097848683837,ACC,1.482056,-0.644060,10.154119
221097850683603,ACC,1.525153,-0.517163,10.297776
221097852683369,ACC,1.585010,-0.351958,10.455798
221097852084327,MAG,19.020000,-28.500000,-33.239998
221097854683202,ACC,1.611347,-0.296890,10.520444
221097856682968,ACC,1.656838,-0.177176,10.668888
221097858682734,ACC,1.728666,-0.059857,10.798180
221097860682500,ACC,1.745426,0.002394,10.855642
221097862682266,ACC,1.843592,0.179571,10.929865
221097862083093,MAG,19.139999,-28.379999,-33.059998
221097864682032,ACC,1.872323,0.232245,10.946625
221097866681798,ACC,1.929785,0.282524,10.925076
221097868681564,ACC,1.960911,0.366324,10.903527
221097870681397,ACC,2.037528,0.447729,10.865219
221097872681163,ACC,2.118933,0.553077,10.793391
221097872081793,MAG,18.840000,-28.320000,-33.540001
221097874680929,ACC,2.171607,0.600963,10.750294
221097876680695,ACC,2.264984,0.679974,10.726351
221097878680461,ACC,2.334418,0.742225,10.733534
221097880680227,ACC,2.375121,0.778139,10.735929
221097882679993,ACC,2.485257,0.840390,10.726351
221097882080559,MAG,19.379999,-28.019999,-33.480000
221097884679826,ACC,2.545114,0.928979,10.714379
221097886679659,ACC,2.566663,0.976864,10.685649
221097888679425,ACC,2.600183,1.048692,10.632975
221097890679191,ACC,2.581028,1.108549,10.539598
221097892678957,ACC,2.509200,1.156435,10.443827
221097892079325,MAG,19.439999,-27.240000,-33.660000
221097894678757,ACC,2.470892,1.170800,10.403124
221097896678523,ACC,2.389486,1.161223,10.285805
221097898678289,ACC,2.346389,1.163618,10.218765
221097900678089,ACC,2.267378,1.161223,10.075109
221097902677889,ACC,2.202733,1.137281,9.933846
221097902078091,MAG,19.740000,-26.879999,-34.320000
221097904677622,ACC,2.181184,1.115732,9.873989
221097906677355,ACC,2.121327,1.072635,9.773430
221097908677088,ACC,2.075836,1.027144,9.677659
221097910676821,ACC,2.056682,1.000807,9.624985
221097912676554,ACC,1.994431,0.902642,9.476540
221097912076857,MAG,20.219999,-26.039999,-34.799999
221097914676287,ACC,1.958517,0.849968,9.431048
221097916676087,ACC,1.865140,0.792505,9.378374
221097918675820,ACC,1.771763,0.689551,9.256267
221097920675553,ACC,1.728666,0.565049,9.215564
221097922675286,ACC,1.599376,0.447729,9.155706
221097922075623,MAG,20.699999,-25.859999,-34.860001
221097924675019,ACC,1.529942,0.378295,9.124581
221097926674752,ACC,1.383891,0.239427,9.059936
221097928674485,ACC,1.225869,0.090982,8.995291
221097930674218,ACC,1.154040,0.019154,8.961771
221097932674018,ACC,1.046298,-0.117319,8.937828
221097932074389,MAG,21.180000,-25.680000,-34.739998
221097934673751,ACC,1.005595,-0.225062,8.921068
221097936673484,ACC,0.988836,-0.268159,8.913885
221097938673217,ACC,0.981653,-0.344776,8.897125
221097940672950,ACC,1.031932,-0.418998,8.854029
221097942672683,ACC,1.101366,-0.462095,8.758257
221097942073155,MAG,22.020000,-25.379999,-35.040001
221097944672416,ACC,1.118126,-0.488432,8.686429
221097946672149,ACC,1.158829,-0.533923,8.535589
221097948671949,ACC,1.173195,-0.560260,8.461368
221097950671682,ACC,1.218686,-0.610540,8.341654
221097952671415,ACC,1.252206,-0.596174,8.253065
221097952071855,MAG,22.980000,-24.779999,-34.559998
221097954671148,ACC,1.271360,-0.596174,8.217151
221097956670881,ACC,1.352765,-0.562655,8.152506
221097958670614,ACC,1.462902,-0.507586,8.147717
221097960670347,ACC,1.534730,-0.464489,8.142929
221097962670080,ACC,1.783735,-0.313650,8.221940
221097962070621,MAG,23.580000,-24.119999,-34.320000
221097964669880,ACC,1.881900,-0.244216,8.262642
221097966669613,ACC,1.980065,-0.160416,8.305739
221097968669346,ACC,2.205127,0.019154,8.394327
221097970669079,ACC,2.418218,0.205908,8.490098
221097972668812,ACC,2.612154,0.416604,8.633755
221097972069387,MAG,23.879999,-23.459999,-34.860001
221097974668545,ACC,2.688771,0.526740,8.724737
221097976668278,ACC,2.837216,0.735042,8.894731
221097978668078,ACC,2.906650,0.936161,9.007262
221097980667878,ACC,2.923409,1.039115,9.091062
221097982667611,ACC,2.911438,1.264177,9.294575
221097982068087,MAG,24.420000,-22.379999,-34.559998
221097984667344,ACC,2.844398,1.491633,9.541185
221097986667077,ACC,2.820456,1.604164,9.651321
221097988666810,ACC,2.736656,1.845986,9.862018
221097990666543,ACC,2.648068,2.078231,10.022434
221097992666276,ACC,2.588211,2.293715,10.192428
221097992066853,MAG,24.779999,-21.840000,-34.980000
221097994666076,ACC,2.554691,2.382303,10.278622
221097996665809,ACC,2.540326,2.569057,10.451010
221097998665542,ACC,2.650462,2.628914,10.654523
221098000665275,ACC,2.851581,2.521171,10.879584
221098002665008,ACC,3.107769,2.442160,11.085492
221098002065619,MAG,24.900000,-20.939999,-35.340000
221098004664741,ACC,3.091009,2.523566,11.059155
221098006664474,ACC,2.923409,2.794119,11.080704
221098008664207,ACC,2.837216,3.129317,11.284217
221098010664007,ACC,2.813273,3.330436,11.413508
221098012663740,ACC,2.825244,3.940976,11.784620
221098012064319,MAG,25.439999,-20.160000,-35.340000
221098014663473,ACC,2.830033,4.127730,11.854054
221098016663206,ACC,2.834821,4.307301,11.866026
221098018662939,ACC,2.844398,4.606585,11.746312
221098020662672,ACC,2.930592,4.826858,11.490125
221098022662405,ACC,3.045517,4.982486,11.207601
221098022063085,MAG,25.859999,-20.039999,-35.700001
221098024662138,ACC,3.119740,5.037554,11.085492
221098026661938,ACC,3.241848,5.085440,10.867614
221098028661671,ACC,3.361562,5.085440,10.649734
221098030661404,ACC,3.385504,5.013611,10.544386
221098032661137,ACC,3.387899,4.910657,10.369604
221098032061851,MAG,25.980000,-19.619999,-35.759998
221098034660870,ACC,3.349591,4.771790,10.166091
221098036660603,ACC,3.301705,4.683201,10.082292
221098038660336,ACC,3.193963,4.491660,9.936240
221098040660069,ACC,3.043123,4.300117,9.826104
221098042659869,ACC,2.880313,4.094210,9.727939
221098042060617,MAG,26.939999,-18.719999,-36.000000
221098044659602,ACC,2.789330,3.991256,9.682447
221098046659335,ACC,2.583422,3.806897,9.605830
221098048659068,ACC,2.463709,3.703943,9.543579
221098050658801,ACC,2.219493,3.498035,9.356826
221098052658534,ACC,2.008796,3.316071,9.165284
221098052059383,MAG,28.260000,-18.119999,-35.880001
221098054658267,ACC,1.896266,3.239454,9.069513
221098056658067,ACC,1.699935,3.081432,8.913885
221098058657867,ACC,1.494027,2.923409,8.849239
221098060657633,ACC,1.393468,2.842004,8.851634
221098062657399,ACC,1.134886,2.597788,8.913885
221098062058183,MAG,28.740000,-17.279999,-36.119999
221098064657165,ACC,1.041510,2.521171,8.947405
221098066656931,ACC,0.938556,2.454132,8.992896
221098068656697,ACC,0.737437,2.334418,9.083879
221098070656463,ACC,0.521952,2.243435,9.129370
221098072656296,ACC,0.304073,2.183579,9.098245
221098072056983,MAG,29.519999,-16.379999,-36.119999
221098074656162,ACC,0.205908,2.174001,9.076695
221098076656028,ACC,0.021548,2.169213,9.012051
221098078655894,ACC,-0.079011,2.188367,8.978531
221098080655760,ACC,-0.220273,2.245830,8.937828
221098082655626,ACC,-0.316044,2.332024,8.923462
221098082055883,MAG,30.059999,-15.540000,-36.299999
221098084655492,ACC,-0.347170,2.387092,8.956982
221098086655358,ACC,-0.330410,2.509200,8.992896
221098088655291,ACC,-0.220273,2.674405,9.079090
221098090655224,ACC,-0.079011,2.853976,9.258660
221098092655157,ACC,0.086194,3.059883,9.466963
221098092054783,MAG,30.059999,-14.580000,-36.599998
221098094655090,ACC,0.191542,3.170020,9.577099
221098096655023,ACC,0.440547,3.371139,9.823709
221098098654956,ACC,0.739831,3.567469,10.043983
221098100654889,ACC,0.895459,3.663240,10.134965
221098102654822,ACC,1.199532,3.833234,10.271439
221098102053749,MAG,30.539999,-13.620000,-36.419998
221098104654822,ACC,1.359948,3.902668,10.314536
221098106654788,ACC,1.661627,4.017593,10.352844
221098108654754,ACC,1.927391,4.106181,10.314536
221098110654720,ACC,2.018374,4.142096,10.259467
221098112654686,ACC,2.099779,4.168432,10.003280
221098112052749,MAG,30.719999,-12.840000,-36.599998
221098114654652,ACC,2.068653,4.156461,9.905115
221098116654618,ACC,2.011191,4.132518,9.797373
221098118654584,ACC,1.807678,4.058296,9.596253
221098120654584,ACC,1.575433,3.974496,9.383162
221098122654550,ACC,1.319245,3.890697,9.203592
221098122051715,MAG,30.660000,-11.880000,-36.779999
221098124654516,ACC,1.182772,3.845205,9.134158
221098126654482,ACC,0.914613,3.742252,9.074302
221098128654448,ACC,0.766168,3.699155,9.064724
221098130654414,ACC,0.447729,3.627326,9.024022
221098132654380,ACC,0.141262,3.565075,8.901914
221098132050748,MAG,30.719999,-10.920000,-37.320000
221098134654313,ACC,-0.153234,3.529161,8.822903
221098136654246,ACC,-0.304073,3.507613,8.660092
221098138654146,ACC,-0.574626,3.514795,8.521224
221098140654046,ACC,-0.806871,3.545921,8.382356
221098142653946,ACC,-0.991230,3.589018,8.231517
221098142049781,MAG,30.840000,-9.660000,-37.559998
221098144653846,ACC,-1.065452,3.617749,8.157294
221098146653746,ACC,-1.170800,3.660846,8.011244
221098148653646,ACC,-1.189955,3.680000,7.946598
221098150653546,ACC,-1.199532,3.699155,7.733508
221098152653446,ACC,-1.166012,3.672817,7.467743
221098152048814,MAG,31.019999,-8.639999,-38.219997
221098154653346,ACC,-1.134886,3.644086,7.379155
221098156653246,ACC,-1.039115,3.572258,7.410281
221098158653146,ACC,-0.900247,3.421419,7.656891
221098160653046,ACC,-0.816448,3.332830,7.834067
221098162652946,ACC,-0.653637,2.956929,8.552350
221098162047914,MAG,31.080000,-7.860000,-38.700001
221098164652846,ACC,-0.653637,2.810879,8.825297
221098166652779,ACC,-0.660820,2.667222,9.100638
221098168652645,ACC,-0.687157,2.387092,9.572310
221098170652511,ACC,-0.785322,2.123722,9.943423
221098172652377,ACC,-0.924190,1.881900,10.139753
221098172047014,MAG,31.019999,-7.020000,-38.579998
221098174652243,ACC,-0.993624,1.764580,10.199611
221098176652109,ACC,-1.156435,1.599376,10.225947
221098178651975,ACC,-1.297697,1.501210,10.163696
221098180651841,ACC,-1.352765,1.460508,10.132571
221098182651741,ACC,-1.424594,1.422199,10.065532
221098182046114,MAG,31.019999,-6.540000,-38.759998
221098184651574,ACC,-1.422199,1.417411,10.029617
221098186651407,ACC,-1.350371,1.436565,9.936240
221098188651240,ACC,-1.204320,1.494027,9.857229
221098190651073,ACC,-1.003201,1.532336,9.821315
221098192650906,ACC,-0.735042,1.664021,9.775824
221098192045214,MAG,30.959999,-5.340000,-38.879997
221098194650739,ACC,-0.605752,1.702329,9.751882
221098196650572,ACC,-0.292102,1.759792,9.670476
221098198650438,ACC,-0.148445,1.774158,9.622590
221098200650238,ACC,0.090982,1.788523,9.510059
221098202650038,ACC,0.296890,1.790918,9.423865
221098202044247,MAG,31.260000,-4.380000,-38.520000
221098204649838,ACC,0.373507,1.783735,9.380769
221098206649638,ACC,0.476461,1.731061,9.256267
221098208649438,ACC,0.471672,1.666415,9.129370
221098210649238,ACC,0.433364,1.628107,9.057542
221098212649038,ACC,0.325621,1.537124,8.887548
221098212043347,MAG,31.199999,-3.480000,-38.879997
221098214648838,ACC,0.141262,1.415016,8.672064
221098216648571,ACC,0.050280,1.355160,8.559532
221098218648304,ACC,-0.146051,1.225869,8.255460
221098220648037,ACC,-0.363930,1.106155,7.812519
221098222647770,ACC,-0.629694,1.005595,7.415069
221098222042447,MAG,31.439999,-2.520000,-38.700001
221098224647503,ACC,-0.766168,0.974470,7.230710
221098226647236,ACC,-1.041510,0.967287,6.960157
221098228647036,ACC,-1.204320,0.991230,6.912271
221098230646836,ACC,-1.503605,1.115732,6.962551
221098232646569,ACC,-1.755003,1.314457,7.101419
221098232041480,MAG,31.439999,-1.860000,-38.700001
221098234646302,ACC,-1.781340,1.429382,7.185219
221098236646035,ACC,-1.913026,1.671204,7.178036
221098238645768,ACC,-2.097385,1.908237,6.838049
221098240645501,ACC,-2.140482,2.023162,6.601016
221098242645234,ACC,-2.281744,2.394275,6.263423
221098242040580,MAG,31.260000,-1.200000,-38.759998
221098244645034,ACC,-2.346389,2.506806,6.308914
221098246644767,ACC,-2.485257,2.600183,6.519610
221098248644500,ACC,-2.561874,2.724685,6.658478
221098250644233,ACC,-2.743839,2.770176,6.917060
221098252643966,ACC,-2.928198,2.806090,7.173247
221098252039680,MAG,31.439999,-0.660000,-38.939999
221098254643699,ACC,-3.011998,2.832427,7.290567
221098256643432,ACC,-3.126923,2.844398,7.508446
221098258643165,ACC,-3.160443,2.813273,7.726325
221098260642965,ACC,-3.148471,2.786936,7.853221
221098262642698,ACC,-3.031152,2.712713,8.078283
221098262038713,MAG,30.900000,0.300000,-39.360001
221098264642431,ACC,-2.851581,2.578634,8.303345
221098266642164,ACC,-2.751022,2.494834,8.442213
221098268641897,ACC,-2.559480,2.298504,8.734315
221098270641630,ACC,-2.358361,2.123722,9.067119
221098272641363,ACC,-2.267378,2.001614,9.273026
221098272037813,MAG,30.299999,1.140000,-39.540001
221098274641096,ACC,-2.351178,2.020768,9.220352
221098276640896,ACC,-2.815667,2.193156,8.794171
221098278640629,ACC,-3.598595,2.461314,8.253065
221098280640362,ACC,-4.139701,2.547508,8.174054
221098282640095,ACC,-5.377541,2.485257,8.743892
221098282036913,MAG,30.059999,2.580000,-40.020000
221098284639828,ACC,-5.964139,2.360755,9.347249
221098286639561,ACC,-6.859597,1.924997,10.960990
221098288639294,ACC,-7.199584,1.197137,12.483748
221098290639027,ACC,-7.182825,0.766168,13.247522
221098292638827,ACC,-7.099025,-0.541106,17.710451
221098292036013,MAG,28.680000,4.080000,-40.079998
221098294638560,ACC,-7.664073,-1.125309,26.114355
221098296638293,ACC,-8.748680,-1.829226,39.637218
221098298638026,ACC,-10.735929,-2.547508,63.891224
221098300637759,ACC,-10.412702,-1.551490,57.381191
221098302637492,ACC,-8.097438,1.434171,31.731323
221098302035113,MAG,27.539999,5.340000,-40.799999
221098304637225,ACC,-6.993677,2.899467,20.921173
221098306637025,ACC,-4.944178,4.800521,8.128563
221098308636825,ACC,-2.631308,5.370358,3.864360
221098310636558,ACC,-1.544307,5.322473,3.409447
221098312636291,ACC,0.160416,4.898686,3.600989
221098312034213,MAG,27.240000,6.660000,-41.160000
221098314636024,ACC,1.022355,4.326455,4.096604
221098316635757,ACC,1.194743,3.991256,4.290541
221098318635490,ACC,1.168406,3.270579,4.465322
221098320635223,ACC,0.924190,2.509200,4.597008
221098322635023,ACC,0.471672,1.750215,4.692779
221098322033313,MAG,26.340000,7.260000,-41.099998
221098324634756,ACC,0.184359,1.364737,4.769395
221098326634489,ACC,-0.433364,0.636877,5.116565
221098328634222,ACC,-0.713494,0.296890,5.420638
221098330633955,ACC,-1.158829,-0.323227,5.952167
221098332633688,ACC,-1.527547,-0.818842,6.340040
221098332032413,MAG,26.039999,8.340000,-41.340000
221098334633421,ACC,-1.675992,-0.996018,6.598621
221098336633154,ACC,-1.941757,-1.328822,7.376760
221098338632954,ACC,-2.140482,-1.668810,9.186832
221098340632687,ACC,-2.188367,-1.831620,10.587483
221098342632420,ACC,-2.346389,-2.396669,15.687288
221098342031446,MAG,25.859999,9.179999,-40.980000
221098344632153,ACC,-2.372726,-2.557086,16.961042
221098346631886,ACC,-2.367938,-2.679193,17.629045
221098348631619,ACC,-2.291321,-2.801301,16.920340
221098350631352,ACC,-2.334418,-2.609760,14.399169
221098352631085,ACC,-2.257801,-2.303292,11.279428
221098352030546,MAG,25.139999,9.420000,-40.860001
221098354630885,ACC,-2.221887,-2.114145,9.917087
221098356630618,ACC,-2.049499,-1.771763,7.896318
221098358630351,ACC,-1.786129,-1.601770,7.039168
221098360630084,ACC,-1.649655,-1.563461,7.110996
221098362629817,ACC,-1.436565,-1.589798,8.202785
221098362029612,MAG,24.779999,10.080000,-41.040001
221098364629550,ACC,-1.225869,-1.755003,9.787795
221098366629283,ACC,-1.089395,-1.857957,10.486923
221098368629016,ACC,-0.835602,-1.951334,11.308160
221098370628816,ACC,-0.672791,-1.853169,10.738322
221098372628549,ACC,-0.507586,-1.640078,8.715160
221098372028612,MAG,24.779999,10.440000,-41.160000
221098374628282,ACC,-0.390267,-1.489239,7.582668
221098376628015,ACC,-0.148445,-1.206715,5.741471
221098378627748,ACC,-0.055068,-1.125309,5.039948
221098380627481,ACC,0.081405,-1.091789,3.454939
221098382627214,ACC,0.193936,-1.422199,0.440547
221098382027578,MAG,24.480000,10.559999,-41.040001
221098384627014,ACC,0.275342,-1.819649,-1.177983
221098386626814,ACC,0.155628,-3.423813,0.447729
221098388626547,ACC,-1.161223,-5.485283,15.064777
221098390626280,ACC,-2.229070,-6.210749,26.183790
221098392626013,ACC,-2.695953,-5.102200,36.280445
221098392026478,MAG,25.139999,11.160000,-40.799999
221098394625746,ACC,-2.083019,-4.043930,29.849424
221098396625479,ACC,-1.455719,-3.021575,22.182957
221098398625212,ACC,-0.588992,-1.549096,9.680053
221098400625012,ACC,-0.141262,-0.840390,3.193963
221098402624812,ACC,0.007183,-0.622511,0.452518
221098402025378,MAG,25.619999,11.940000,-40.559998
221098404624545,ACC,0.038308,-0.622511,-0.196331
221098406624278,ACC,0.043097,-0.768562,-0.481249
221098408624011,ACC,-0.059857,-0.926584,-0.088588
221098410623744,ACC,-0.122108,-1.407834,2.020768
221098412623477,ACC,-0.294496,-2.039922,6.014418
221098412024244,MAG,25.740000,12.240000,-40.559998
221098414623210,ACC,-0.500403,-2.607365,11.085492
221098416623010,ACC,-0.577020,-2.774965,13.283437
221098418622743,ACC,-0.636877,-2.846793,15.608277
221098420622476,ACC,-0.656031,-2.782147,15.388004
221098422622209,ACC,-0.893064,-2.827639,13.910737
221098422023077,MAG,25.740000,12.719999,-40.500000
221098424621942,ACC,-1.089395,-2.863553,13.204426
221098426621675,ACC,-1.379102,-2.774965,12.186859
221098428621408,ACC,-1.383891,-2.571451,11.480548
221098430621141,ACC,-1.185166,-2.063865,9.739910
221098432620941,ACC,-0.885882,-1.673598,8.427847
221098432021910,MAG,25.199999,13.259999,-40.680000
221098434620674,ACC,-0.761379,-1.553884,8.075889
221098436620407,ACC,-0.603357,-1.496422,7.948992
221098438620140,ACC,-0.519558,-1.699935,8.372779
221098440619873,ACC,-0.493221,-1.843592,8.657698
221098442619606,ACC,-0.397450,-2.159636,9.445415
221098442020710,MAG,24.660000,13.320000,-40.020000
221098444619339,ACC,-0.390267,-2.420612,9.622590
221098446619072,ACC,-0.397450,-2.494834,9.826104
221098448618872,ACC,-0.445335,-2.473286,10.355239
221098450618605,ACC,-0.548289,-2.375121,10.944230
221098452618338,ACC,-0.660820,-2.231464,11.190841
221098452019443,MAG,24.539999,13.559999,-39.779999
221098454618071,ACC,-0.677580,-2.154847,11.102252
221098456617804,ACC,-0.612934,-1.989642,10.395941
221098458617537,ACC,-0.462095,-1.855563,9.383162
221098460617270,ACC,-0.399844,-1.826832,8.968953
221098462617003,ACC,-0.316044,-1.869929,8.633755
221098462018176,MAG,24.119999,13.559999,-39.360001
221098464616803,ACC,-0.213090,-1.908237,8.997684
221098466616536,ACC,-0.150839,-2.020768,9.340066
221098468616269,ACC,0.040703,-2.085413,10.084685
221098470616002,ACC,0.402238,-1.431776,10.743111
221098472615735,ACC,0.450124,-0.342381,10.886767
221098472016909,MAG,24.119999,13.380000,-39.540001
221098474615468,ACC,0.332804,0.052674,10.661706
221098476615201,ACC,0.019154,0.418998,9.864412
221098478615001,ACC,-0.203513,0.402238,9.174861
221098480614801,ACC,-0.265765,0.299284,9.002473
221098482614534,ACC,-0.227456,-0.007183,9.107821
221098482015575,MAG,23.820000,13.500000,-39.779999
221098484614267,ACC,-0.143656,-0.150839,9.330489
221098486614000,ACC,0.083800,-0.287313,9.888355
221098488613733,ACC,0.210696,-0.205908,10.321719
221098490613466,ACC,0.210696,-0.112531,10.386364
221098492613199,ACC,0.105348,0.038308,10.202005
221098492014308,MAG,23.879999,13.620000,-39.540001
221098494612999,ACC,0.069434,0.093377,9.826104
221098496612765,ACC,0.035914,0.052674,9.646533
221098498612531,ACC,0.007183,-0.074223,9.469357
221098500612297,ACC,-0.002394,-0.141262,9.603436
221098502612063,ACC,0.009577,-0.150839,9.818921
221098502013074,MAG,24.480000,13.860000,-40.020000
221098504611829,ACC,0.009577,-0.150839,9.900327
221098506611595,ACC,0.000000,-0.124502,9.953000
221098508611361,ACC,0.004789,-0.110137,9.955395
221098510611194,ACC,0.038308,-0.050280,9.941029
221098512610960,ACC,0.076617,-0.016760,9.878778
221098512011774,MAG,24.299999,13.679999,-39.239998
221098514610726,ACC,0.098165,-0.014366,9.840469
221098516610492,ACC,0.102954,-0.062251,9.778218
221098518610258,ACC,0.040703,-0.107742,9.727939
221098520610024,ACC,-0.009577,-0.114925,9.747093
221098522609790,ACC,-0.019154,-0.112531,9.802161
221098522010540,MAG,25.019999,13.860000,-39.719997
221098524609556,ACC,-0.009577,-0.114925,9.845258
221098526609356,ACC,0.031126,-0.102954,9.905115
221098528609122,ACC,0.057463,-0.095771,9.921875
221098530608888,ACC,0.100560,-0.074223,9.890749
221098532608654,ACC,0.081405,-0.059857,9.838076
221098532009306,MAG,24.900000,14.099999,-39.719997
221098534608420,ACC,0.067040,-0.052674,9.802161
221098536608186,ACC,0.043097,-0.064645,9.780613
221098538607952,ACC,0.002394,-0.088588,9.806950
221098540607718,ACC,-0.007183,-0.098165,9.828498
221098542607551,ACC,0.028731,-0.119714,9.871595
221098542008072,MAG,24.660000,14.040000,-39.540001
221098544607317,ACC,0.047885,-0.095771,9.878778
221098546607083,ACC,0.047885,-0.090982,9.864412
221098548606849,ACC,0.074223,-0.069434,9.826104
221098550606615,ACC,0.069434,-0.050280,9.773430
221098552606381,ACC,0.052674,-0.062251,9.794978
221098552006838,MAG,24.420000,14.280000,-39.779999
221098554606114,ACC,0.050280,-0.062251,9.816526
221098556605914,ACC,0.026337,-0.098165,9.850046
221098558605714,ACC,0.023943,-0.105348,9.859624
221098560605447,ACC,0.040703,-0.112531,9.883567
221098562605180,ACC,0.028731,-0.098165,9.864412
221098562005604,MAG,24.059999,13.860000,-39.719997
221098564604913,ACC,0.016760,-0.086194,9.864412
221098566604646,ACC,0.033520,-0.062251,9.840469
221098568604379,ACC,0.035914,-0.055068,9.816526
221098570604112,ACC,0.043097,-0.071828,9.818921
221098572603912,ACC,0.038308,-0.088588,9.814133
221098572004370,MAG,24.180000,13.679999,-39.959999
221098574603645,ACC,0.033520,-0.083800,9.814133
221098576603378,ACC,0.031126,-0.088588,9.830893
221098578603111,ACC,0.023943,-0.088588,9.826104
221098580602844,ACC,0.031126,-0.095771,9.835681
221098582602577,ACC,0.040703,-0.086194,9.826104
221098582003136,MAG,24.180000,13.559999,-39.899998
221098584602310,ACC,0.043097,-0.081405,9.814133
221098586602076,ACC,0.052674,-0.081405,9.821315
221098588601876,ACC,0.045491,-0.088588,9.821315
221098590601609,ACC,0.043097,-0.086194,9.816526
221098592601342,ACC,0.055068,-0.086194,9.850046
221098592001836,MAG,24.420000,13.620000,-40.259998
221098594601075,ACC,0.045491,-0.098165,9.862018
221098596600808,ACC,0.045491,-0.098165,9.873989
221098598600541,ACC,0.047885,-0.093377,9.854836
221098600600274,ACC,0.035914,-0.098165,9.816526
221098602600007,ACC,0.038308,-0.081405,9.811738
221098602000602,MAG,24.299999,13.679999,-40.379997
221098604599807,ACC,0.035914,-0.090982,9.821315
221098606599540,ACC,0.045491,-0.098165,9.828498
221098608599273,ACC,0.069434,-0.090982,9.826104
221098610599006,ACC,0.055068,-0.076617,9.816526
221098612598739,ACC,0.050280,-0.086194,9.821315
221098611999368,MAG,24.119999,13.860000,-39.959999
221098614598505,ACC,0.043097,-0.076617,9.818921
221098616598238,ACC,0.045491,-0.076617,9.830893
221098618597971,ACC,0.047885,-0.081405,9.835681
221098620597771,ACC,0.052674,-0.090982,9.828498
221098622597504,ACC,0.052674,-0.079011,9.830893
221098621998068,MAG,24.180000,14.219999,-39.959999
221098624597237,ACC,0.047885,-0.083800,9.826104
221098626596970,ACC,0.038308,-0.088588,9.818921
221098628596703,ACC,0.038308,-0.088588,9.826104
221098630596436,ACC,0.028731,-0.076617,9.838076
221098632596169,ACC,0.038308,-0.076617,9.840469
221098631996834,MAG,24.420000,14.460000,-39.719997
221098634595969,ACC,0.038308,-0.069434,9.838076
221098636595769,ACC,0.038308,-0.069434,9.850046
221098638595502,ACC,0.035914,-0.071828,9.842864
221098640595235,ACC,0.038308,-0.076617,9.847652
221098642594968,ACC,0.059857,-0.086194,9.850046
221098641995600,MAG,24.420000,14.280000,-39.719997
221098644594701,ACC,0.043097,-0.081405,9.826104
221098646594434,ACC,0.031126,-0.083800,9.828498
221098648594167,ACC,0.031126,-0.095771,9.826104
221098650593967,ACC,0.028731,-0.102954,9.845258
221098652593767,ACC,0.026337,-0.074223,9.833286
221098651994366,MAG,24.660000,14.040000,-39.959999
221098654593500,ACC,0.026337,-0.074223,9.835681
221098656593233,ACC,0.026337,-0.090982,9.833286
221098658592966,ACC,0.021548,-0.081405,9.821315
221098660592699,ACC,0.021548,-0.079011,9.809344
221098662592432,ACC,0.035914,-0.079011,9.814133
221098661993132,MAG,24.900000,13.679999,-39.779999
221098664592165,ACC,0.038308,-0.079011,9.816526
221098666591965,ACC,0.047885,-0.079011,9.838076
221098668591698,ACC,0.050280,-0.074223,9.838076
221098670591431,ACC,0.057463,-0.074223,9.842864
221098672591164,ACC,0.057463,-0.076617,9.828498
221098671991898,MAG,24.660000,13.200000,-39.719997
221098674590897,ACC,0.047885,-0.086194,9.830893
221098676590630,ACC,0.045491,-0.083800,9.826104
221098678590363,ACC,0.043097,-0.079011,9.811738
221098680590096,ACC,0.040703,-0.088588,9.809344
221098682589896,ACC,0.019154,-0.095771,9.811738
221098681990664,MAG,24.719999,13.320000,-39.840000
221098684589629,ACC,0.021548,-0.090982,9.814133
221098686589362,ACC,0.045491,-0.098165,9.821315
221098688589095,ACC,0.045491,-0.105348,9.833286
221098690588828,ACC,0.045491,-0.093377,9.833286
221098692588561,ACC,0.050280,-0.074223,9.845258
221098691989430,MAG,24.600000,13.320000,-39.779999
221098694588294,ACC,0.043097,-0.088588,9.850046
221098696588027,ACC,0.040703,-0.088588,9.842864
221098698587827,ACC,0.033520,-0.090982,9.842864
221098700587560,ACC,0.040703,-0.083800,9.835681
221098702587293,ACC,0.035914,-0.062251,9.852441
221098701988130,MAG,24.660000,13.259999,-40.200001
221098704587026,ACC,0.035914,-0.057463,9.862018
221098706586759,ACC,0.040703,-0.064645,9.845258
221098708586492,ACC,0.043097,-0.074223,9.826104
221098710586225,ACC,0.033520,-0.098165,9.821315
221098712585958,ACC,0.047885,-0.098165,9.833286
221098711986896,MAG,24.600000,13.620000,-40.320000
221098714585758,ACC,0.055068,-0.090982,9.847652
221098716585491,ACC,0.043097,-0.088588,9.840469
221098718585224,ACC,0.043097,-0.086194,9.821315
221098720584957,ACC,0.026337,-0.086194,9.816526
221098722584690,ACC,0.028731,-0.074223,9.802161
221098721985662,MAG,24.719999,13.920000,-40.200001
221098724584423,ACC,0.035914,-0.076617,9.823709
221098726584156,ACC,0.040703,-0.083800,9.833286
221098728583956,ACC,0.055068,-0.083800,9.814133
221098730583756,ACC,0.040703,-0.100560,9.818921
221098732583489,ACC,0.043097,-0.090982,9.814133
221098731984362,MAG,24.660000,14.040000,-40.259998
221098734583222,ACC,0.040703,-0.086194,9.828498
221098736582955,ACC,0.040703,-0.074223,9.847652
221098738582688,ACC,0.052674,-0.074223,9.838076
221098740582421,ACC,0.059857,-0.088588,9.842864
221098742582154,ACC,0.026337,-0.105348,9.842864
221098741983128,MAG,23.820000,14.099999,-40.139999
221098744581954,ACC,0.040703,-0.081405,9.838076
221098746581687,ACC,0.040703,-0.069434,9.833286
221098748581420,ACC,0.033520,-0.069434,9.828498
221098750581153,ACC,0.043097,-0.069434,9.830893
221098752580886,ACC,0.038308,-0.088588,9.830893
221098751981894,MAG,24.240000,14.160000,-40.139999
221098754580619,ACC,0.050280,-0.086194,9.835681
221098756580352,ACC,0.047885,-0.088588,9.840469
221098758580085,ACC,0.059857,-0.090982,9.845258
221098760579885,ACC,0.050280,-0.093377,9.828498
221098762579618,ACC,0.038308,-0.081405,9.826104
221098761980594,MAG,24.359999,14.099999,-39.599998
221098764579351,ACC,0.035914,-0.076617,9.830893
221098766579084,ACC,0.031126,-0.083800,9.821315
221098768578817,ACC,0.035914,-0.083800,9.816526
221098770578550,ACC,0.040703,-0.083800,9.818921
221098772578283,ACC,0.031126,-0.083800,9.826104
221098771979360,MAG,24.359999,13.980000,-39.540001
221098774578016,ACC,0.026337,-0.079011,9.828498
221098776577816,ACC,0.040703,-0.083800,9.828498
221098778577549,ACC,0.045491,-0.090982,9.835681
221098780577282,ACC,0.035914,-0.098165,9.838076
221098782577015,ACC,0.043097,-0.098165,9.823709
221098781978126,MAG,24.779999,14.340000,-39.840000
221098784576748,ACC,0.038308,-0.090982,9.835681
221098786576481,ACC,0.045491,-0.093377,9.842864
221098788576214,ACC,0.035914,-0.093377,9.840469
221098790575947,ACC,0.035914,-0.093377,9.852441
221098792575747,ACC,0.038308,-0.079011,9.847652
221098791976892,MAG,24.660000,14.040000,-39.419998
221098794575480,ACC,0.038308,-0.081405,9.842864
221098796575213,ACC,0.045491,-0.086194,9.845258
221098798574946,ACC,0.050280,-0.090982,9.838076
221098800574679,ACC,0.038308,-0.081405,9.823709
221098802574412,ACC,0.023943,-0.076617,9.821315
221098801975625,MAG,24.359999,13.860000,-39.840000
221098804574145,ACC,0.047885,-0.086194,9.818921
221098806573945,ACC,0.052674,-0.086194,9.830893
221098808573745,ACC,0.055068,-0.090982,9.828498
221098810573478,ACC,0.038308,-0.086194,9.830893
221098812573211,ACC,0.055068,-0.076617,9.833286
221098811974358,MAG,24.119999,13.980000,-39.840000
221098814572944,ACC,0.052674,-0.074223,9.833286
221098816572677,ACC,0.045491,-0.079011,9.826104
221098818572410,ACC,0.050280,-0.071828,9.835681
221098820572143,ACC,0.045491,-0.071828,9.828498
221098822571943,ACC,0.026337,-0.081405,9.838076
221098821973091,MAG,24.420000,13.559999,-39.779999
221098824571743,ACC,0.033520,-0.088588,9.850046
221098826571476,ACC,0.033520,-0.100560,9.847652
221098828571209,ACC,0.031126,-0.090982,9.847652
221098830570942,ACC,0.033520,-0.083800,9.838076
221098832570675,ACC,0.045491,-0.076617,9.828498
221098831971824,MAG,24.240000,13.500000,-40.079998
221098834570408,ACC,0.038308,-0.069434,9.828498
221098836570141,ACC,0.047885,-0.081405,9.835681
221098838569941,ACC,0.050280,-0.083800,9.830893
221098840569674,ACC,0.052674,-0.081405,9.833286
221098842569407,ACC,0.047885,-0.081405,9.826104
221098841970490,MAG,24.420000,13.440000,-39.899998
221098844569140,ACC,0.031126,-0.081405,9.814133
221098846568873,ACC,0.035914,-0.081405,9.830893
221098848568606,ACC,0.040703,-0.067040,9.828498
221098850568339,ACC,0.045491,-0.069434,9.842864
221098852568072,ACC,0.043097,-0.076617,9.830893
221098851969223,MAG,24.299999,13.320000,-39.959999
221098854567938,ACC,0.050280,-0.083800,9.830893
221098856567671,ACC,0.055068,-0.093377,9.842864
221098858567404,ACC,0.050280,-0.086194,9.833286
221098860567137,ACC,0.040703,-0.090982,9.835681
221098862566870,ACC,0.033520,-0.090982,9.830893
221098861967956,MAG,24.119999,13.559999,-39.059998
221098864566603,ACC,0.026337,-0.090982,9.828498
221098866566336,ACC,0.019154,-0.100560,9.828498
221098868566069,ACC,0.035914,-0.088588,9.835681
221098870565869,ACC,0.043097,-0.086194,9.840469
221098872565602,ACC,0.050280,-0.090982,9.833286
221098871966622,MAG,24.180000,13.920000,-39.239998
221098874565335,ACC,0.057463,-0.093377,9.833286
221098876565068,ACC,0.045491,-0.100560,9.830893
221098878564801,ACC,0.033520,-0.095771,9.840469
221098880564534,ACC,0.023943,-0.093377,9.826104
221098882564267,ACC,0.028731,-0.088588,9.826104
221098881965355,MAG,24.000000,13.860000,-39.180000
221098884564000,ACC,0.031126,-0.088588,9.830893
221098886563800,ACC,0.050280,-0.064645,9.838076
221098888563533,ACC,0.052674,-0.064645,9.835681
221098890563266,ACC,0.043097,-0.081405,9.823709
221098892562999,ACC,0.040703,-0.083800,9.828498
221098891964088,MAG,24.119999,13.860000,-39.239998
221098894562732,ACC,0.043097,-0.081405,9.838076
221098896562465,ACC,0.055068,-0.083800,9.842864
221098898562198,ACC,0.047885,-0.071828,9.833286
221098900561998,ACC,0.035914,-0.074223,9.830893
221098902561798,ACC,0.026337,-0.081405,9.828498
221098901962821,MAG,24.240000,13.860000,-39.719997
221098904561564,ACC,0.016760,-0.074223,9.840469
221098906561330,ACC,0.040703,-0.079011,9.847652
221098908561096,ACC,0.055068,-0.081405,9.845258
221098910560862,ACC,0.050280,-0.088588,9.847652
221098912560628,ACC,0.033520,-0.095771,9.842864
221098911961587,MAG,24.119999,13.620000,-39.360001
221098914560328,ACC,0.023943,-0.095771,9.833286
221098916560161,ACC,0.023943,-0.079011,9.835681
221098918559927,ACC,0.023943,-0.076617,9.828498
221098920559693,ACC,0.035914,-0.074223,9.833286
221098922559459,ACC,0.050280,-0.069434,9.852441
221098921960353,MAG,24.420000,13.679999,-39.599998
221098924559225,ACC,0.035914,-0.074223,9.852441
221098926558991,ACC,0.045491,-0.076617,9.845258
221098928558757,ACC,0.045491,-0.069434,9.835681
221098930558523,ACC,0.045491,-0.067040,9.814133
221098932558356,ACC,0.045491,-0.081405,9.828498
221098931959119,MAG,24.539999,13.799999,-39.599998
221098934558122,ACC,0.045491,-0.081405,9.830893
221098936557888,ACC,-0.105348,-0.179571,8.698400
221098938557654,ACC,-0.332804,-0.186753,7.594640
221098940557420,ACC,-0.653637,0.174782,7.015225
221098942557186,ACC,-0.282524,0.249005,10.422278
221098941957885,MAG,24.359999,13.740000,-39.660000
221098944556952,ACC,0.074223,0.009577,12.469383
221098946556718,ACC,0.849968,-0.593780,14.099884
221098948556551,ACC,1.151646,-0.644060,11.959403
221098950556317,ACC,0.962498,-0.390267,10.506078
